2018/04/23-14:51:06.963508 7f196ec78a00 RocksDB version: 5.13.0
2018/04/23-14:51:06.963525 7f196ec78a00 Git sha rocksdb_build_git_sha:9d2e34ed4c3b78d5a0c96bfa8aa8e833387b828a
2018/04/23-14:51:06.963527 7f196ec78a00 Compile date Apr 22 2018
2018/04/23-14:51:06.963528 7f196ec78a00 DB SUMMARY
2018/04/23-14:51:06.963537 7f196ec78a00 SST files in /mnt/ssd/rocksdb dir, Total Num: 0, files: 
2018/04/23-14:51:06.963539 7f196ec78a00 Write Ahead Log file in /mnt/ssd/rocksdb: 
2018/04/23-14:51:06.963540 7f196ec78a00                         Options.error_if_exists: 0
2018/04/23-14:51:06.963541 7f196ec78a00                       Options.create_if_missing: 1
2018/04/23-14:51:06.963542 7f196ec78a00                         Options.paranoid_checks: 1
2018/04/23-14:51:06.963543 7f196ec78a00                                     Options.env: 0xadd940
2018/04/23-14:51:06.963544 7f196ec78a00                                Options.info_log: 0x2449150
2018/04/23-14:51:06.963545 7f196ec78a00                Options.max_file_opening_threads: 16
2018/04/23-14:51:06.963547 7f196ec78a00                              Options.statistics: 0x2439e50
2018/04/23-14:51:06.963548 7f196ec78a00                               Options.use_fsync: 0
2018/04/23-14:51:06.963549 7f196ec78a00                       Options.max_log_file_size: 0
2018/04/23-14:51:06.963550 7f196ec78a00                  Options.max_manifest_file_size: 18446744073709551615
2018/04/23-14:51:06.963551 7f196ec78a00                   Options.log_file_time_to_roll: 0
2018/04/23-14:51:06.963552 7f196ec78a00                       Options.keep_log_file_num: 1000
2018/04/23-14:51:06.963553 7f196ec78a00                    Options.recycle_log_file_num: 0
2018/04/23-14:51:06.963554 7f196ec78a00                         Options.allow_fallocate: 1
2018/04/23-14:51:06.963555 7f196ec78a00                        Options.allow_mmap_reads: 0
2018/04/23-14:51:06.963556 7f196ec78a00                       Options.allow_mmap_writes: 0
2018/04/23-14:51:06.963556 7f196ec78a00                        Options.use_direct_reads: 0
2018/04/23-14:51:06.963557 7f196ec78a00                        Options.use_direct_io_for_flush_and_compaction: 0
2018/04/23-14:51:06.963558 7f196ec78a00          Options.create_missing_column_families: 0
2018/04/23-14:51:06.963559 7f196ec78a00                              Options.db_log_dir: 
2018/04/23-14:51:06.963560 7f196ec78a00                                 Options.wal_dir: /mnt/ssd/rocksdb
2018/04/23-14:51:06.963561 7f196ec78a00                Options.table_cache_numshardbits: 4
2018/04/23-14:51:06.963562 7f196ec78a00                      Options.max_subcompactions: 1
2018/04/23-14:51:06.963563 7f196ec78a00                  Options.max_background_flushes: -1
2018/04/23-14:51:06.963564 7f196ec78a00                         Options.WAL_ttl_seconds: 0
2018/04/23-14:51:06.963565 7f196ec78a00                       Options.WAL_size_limit_MB: 0
2018/04/23-14:51:06.963566 7f196ec78a00             Options.manifest_preallocation_size: 4194304
2018/04/23-14:51:06.963567 7f196ec78a00                     Options.is_fd_close_on_exec: 1
2018/04/23-14:51:06.963568 7f196ec78a00                   Options.advise_random_on_open: 1
2018/04/23-14:51:06.963569 7f196ec78a00                    Options.db_write_buffer_size: 0
2018/04/23-14:51:06.963570 7f196ec78a00                    Options.write_buffer_manager: 0x2441520
2018/04/23-14:51:06.963571 7f196ec78a00         Options.access_hint_on_compaction_start: 1
2018/04/23-14:51:06.963572 7f196ec78a00  Options.new_table_reader_for_compaction_inputs: 1
2018/04/23-14:51:06.963573 7f196ec78a00           Options.random_access_max_buffer_size: 1048576
2018/04/23-14:51:06.963574 7f196ec78a00                      Options.use_adaptive_mutex: 0
2018/04/23-14:51:06.963575 7f196ec78a00                            Options.rate_limiter: (nil)
2018/04/23-14:51:06.963576 7f196ec78a00     Options.sst_file_manager.rate_bytes_per_sec: 0
2018/04/23-14:51:06.963577 7f196ec78a00                       Options.wal_recovery_mode: 2
2018/04/23-14:51:06.963578 7f196ec78a00                  Options.enable_thread_tracking: 0
2018/04/23-14:51:06.963579 7f196ec78a00                  Options.enable_pipelined_write: 0
2018/04/23-14:51:06.963584 7f196ec78a00         Options.allow_concurrent_memtable_write: 0
2018/04/23-14:51:06.963585 7f196ec78a00      Options.enable_write_thread_adaptive_yield: 1
2018/04/23-14:51:06.963586 7f196ec78a00             Options.write_thread_max_yield_usec: 100
2018/04/23-14:51:06.963587 7f196ec78a00            Options.write_thread_slow_yield_usec: 3
2018/04/23-14:51:06.963588 7f196ec78a00                               Options.row_cache: None
2018/04/23-14:51:06.963589 7f196ec78a00                              Options.wal_filter: None
2018/04/23-14:51:06.963590 7f196ec78a00             Options.avoid_flush_during_recovery: 0
2018/04/23-14:51:06.963591 7f196ec78a00             Options.allow_ingest_behind: 0
2018/04/23-14:51:06.963592 7f196ec78a00             Options.preserve_deletes: 0
2018/04/23-14:51:06.963593 7f196ec78a00             Options.two_write_queues: 0
2018/04/23-14:51:06.963594 7f196ec78a00             Options.manual_wal_flush: 0
2018/04/23-14:51:06.963595 7f196ec78a00             Options.max_background_jobs: 2
2018/04/23-14:51:06.963596 7f196ec78a00             Options.max_background_compactions: -1
2018/04/23-14:51:06.963597 7f196ec78a00             Options.avoid_flush_during_shutdown: 0
2018/04/23-14:51:06.963598 7f196ec78a00           Options.writable_file_max_buffer_size: 1048576
2018/04/23-14:51:06.963599 7f196ec78a00             Options.delayed_write_rate : 8388608
2018/04/23-14:51:06.963600 7f196ec78a00             Options.max_total_wal_size: 0
2018/04/23-14:51:06.963601 7f196ec78a00             Options.delete_obsolete_files_period_micros: 21600000000
2018/04/23-14:51:06.963602 7f196ec78a00                   Options.stats_dump_period_sec: 600
2018/04/23-14:51:06.963603 7f196ec78a00                          Options.max_open_files: -1
2018/04/23-14:51:06.963604 7f196ec78a00                          Options.bytes_per_sync: 0
2018/04/23-14:51:06.963605 7f196ec78a00                      Options.wal_bytes_per_sync: 0
2018/04/23-14:51:06.963605 7f196ec78a00       Options.compaction_readahead_size: 0
2018/04/23-14:51:06.963606 7f196ec78a00 Compression algorithms supported:
2018/04/23-14:51:06.963607 7f196ec78a00 	kZSTDNotFinalCompression supported: 1
2018/04/23-14:51:06.963609 7f196ec78a00 	kZSTD supported: 0
2018/04/23-14:51:06.963610 7f196ec78a00 	kXpressCompression supported: 0
2018/04/23-14:51:06.963611 7f196ec78a00 	kLZ4HCCompression supported: 1
2018/04/23-14:51:06.963612 7f196ec78a00 	kLZ4Compression supported: 1
2018/04/23-14:51:06.963613 7f196ec78a00 	kBZip2Compression supported: 1
2018/04/23-14:51:06.963614 7f196ec78a00 	kZlibCompression supported: 1
2018/04/23-14:51:06.963615 7f196ec78a00 	kSnappyCompression supported: 1
2018/04/23-14:51:06.963621 7f196ec78a00 Fast CRC32 supported: Supported on x86
2018/04/23-14:51:06.963641 7f196ec78a00 [db/db_impl_open.cc:227] Creating manifest 1 
2018/04/23-14:51:06.973358 7f196ec78a00 [db/version_set.cc:3050] Recovering from manifest file: MANIFEST-000001
2018/04/23-14:51:06.973394 7f196ec78a00 [db/column_family.cc:433] --------------- Options for column family [default]:
2018/04/23-14:51:06.973396 7f196ec78a00               Options.comparator: leveldb.BytewiseComparator
2018/04/23-14:51:06.973398 7f196ec78a00           Options.merge_operator: None
2018/04/23-14:51:06.973399 7f196ec78a00        Options.compaction_filter: None
2018/04/23-14:51:06.973400 7f196ec78a00        Options.compaction_filter_factory: None
2018/04/23-14:51:06.973401 7f196ec78a00         Options.memtable_factory: HashLinkListRepFactory
2018/04/23-14:51:06.973402 7f196ec78a00            Options.table_factory: BlockBasedTable
2018/04/23-14:51:06.973422 7f196ec78a00            table_factory options:   flush_block_policy_factory: FlushBlockBySizePolicyFactory (0x2439ad0)
  cache_index_and_filter_blocks: 0
  cache_index_and_filter_blocks_with_high_priority: 0
  pin_l0_filter_and_index_blocks_in_cache: 0
  index_type: 0
  hash_index_allow_collision: 1
  checksum: 1
  no_block_cache: 0
  block_cache: 0x2439d80
  block_cache_name: LRUCache
  block_cache_options:
    capacity : 8388608
    num_shard_bits : 6
    strict_capacity_limit : 0
    high_pri_pool_ratio: 0.000
  block_cache_compressed: (nil)
  persistent_cache: (nil)
  block_size: 4096
  block_size_deviation: 10
  block_restart_interval: 16
  index_block_restart_interval: 1
  metadata_block_size: 4096
  partition_filters: 0
  use_delta_encoding: 1
  filter_policy: nullptr
  whole_key_filtering: 1
  verify_compression: 0
  read_amp_bytes_per_bit: 0
  format_version: 2
  enable_index_compression: 1
2018/04/23-14:51:06.973432 7f196ec78a00        Options.write_buffer_size: 17179869184
2018/04/23-14:51:06.973433 7f196ec78a00  Options.max_write_buffer_number: 2
2018/04/23-14:51:06.973434 7f196ec78a00          Options.compression: Snappy
2018/04/23-14:51:06.973436 7f196ec78a00                  Options.bottommost_compression: Disabled
2018/04/23-14:51:06.973437 7f196ec78a00       Options.prefix_extractor: rocksdb.FixedPrefix.8
2018/04/23-14:51:06.973438 7f196ec78a00   Options.memtable_insert_with_hint_prefix_extractor: nullptr
2018/04/23-14:51:06.973439 7f196ec78a00             Options.num_levels: 7
2018/04/23-14:51:06.973440 7f196ec78a00        Options.min_write_buffer_number_to_merge: 1
2018/04/23-14:51:06.973441 7f196ec78a00     Options.max_write_buffer_number_to_maintain: 0
2018/04/23-14:51:06.973442 7f196ec78a00            Options.compression_opts.window_bits: -14
2018/04/23-14:51:06.973443 7f196ec78a00                  Options.compression_opts.level: -1
2018/04/23-14:51:06.973444 7f196ec78a00               Options.compression_opts.strategy: 0
2018/04/23-14:51:06.973445 7f196ec78a00         Options.compression_opts.max_dict_bytes: 0
2018/04/23-14:51:06.973446 7f196ec78a00      Options.level0_file_num_compaction_trigger: 4
2018/04/23-14:51:06.973447 7f196ec78a00          Options.level0_slowdown_writes_trigger: 20
2018/04/23-14:51:06.973448 7f196ec78a00              Options.level0_stop_writes_trigger: 36
2018/04/23-14:51:06.973449 7f196ec78a00                   Options.target_file_size_base: 67108864
2018/04/23-14:51:06.973450 7f196ec78a00             Options.target_file_size_multiplier: 1
2018/04/23-14:51:06.973451 7f196ec78a00                Options.max_bytes_for_level_base: 268435456
2018/04/23-14:51:06.973452 7f196ec78a00 Options.level_compaction_dynamic_level_bytes: 0
2018/04/23-14:51:06.973453 7f196ec78a00          Options.max_bytes_for_level_multiplier: 10.000000
2018/04/23-14:51:06.973454 7f196ec78a00 Options.max_bytes_for_level_multiplier_addtl[0]: 1
2018/04/23-14:51:06.973456 7f196ec78a00 Options.max_bytes_for_level_multiplier_addtl[1]: 1
2018/04/23-14:51:06.973457 7f196ec78a00 Options.max_bytes_for_level_multiplier_addtl[2]: 1
2018/04/23-14:51:06.973457 7f196ec78a00 Options.max_bytes_for_level_multiplier_addtl[3]: 1
2018/04/23-14:51:06.973458 7f196ec78a00 Options.max_bytes_for_level_multiplier_addtl[4]: 1
2018/04/23-14:51:06.973459 7f196ec78a00 Options.max_bytes_for_level_multiplier_addtl[5]: 1
2018/04/23-14:51:06.973460 7f196ec78a00 Options.max_bytes_for_level_multiplier_addtl[6]: 1
2018/04/23-14:51:06.973461 7f196ec78a00       Options.max_sequential_skip_in_iterations: 8
2018/04/23-14:51:06.973462 7f196ec78a00                    Options.max_compaction_bytes: 1677721600
2018/04/23-14:51:06.973463 7f196ec78a00                        Options.arena_block_size: 2147483648
2018/04/23-14:51:06.973464 7f196ec78a00   Options.soft_pending_compaction_bytes_limit: 68719476736
2018/04/23-14:51:06.973465 7f196ec78a00   Options.hard_pending_compaction_bytes_limit: 137438953472
2018/04/23-14:51:06.973466 7f196ec78a00       Options.rate_limit_delay_max_milliseconds: 1000
2018/04/23-14:51:06.973467 7f196ec78a00                Options.disable_auto_compactions: 0
2018/04/23-14:51:06.973468 7f196ec78a00                        Options.compaction_style: kCompactionStyleLevel
2018/04/23-14:51:06.973470 7f196ec78a00                          Options.compaction_pri: kByCompensatedSize
2018/04/23-14:51:06.973471 7f196ec78a00 Options.compaction_options_universal.size_ratio: 1
2018/04/23-14:51:06.973472 7f196ec78a00 Options.compaction_options_universal.min_merge_width: 2
2018/04/23-14:51:06.973476 7f196ec78a00 Options.compaction_options_universal.max_merge_width: 4294967295
2018/04/23-14:51:06.973478 7f196ec78a00 Options.compaction_options_universal.max_size_amplification_percent: 200
2018/04/23-14:51:06.973479 7f196ec78a00 Options.compaction_options_universal.compression_size_percent: -1
2018/04/23-14:51:06.973480 7f196ec78a00 Options.compaction_options_universal.stop_style: kCompactionStopStyleTotalSize
2018/04/23-14:51:06.973481 7f196ec78a00 Options.compaction_options_fifo.max_table_files_size: 0
2018/04/23-14:51:06.973482 7f196ec78a00 Options.compaction_options_fifo.allow_compaction: 1
2018/04/23-14:51:06.973483 7f196ec78a00 Options.compaction_options_fifo.ttl: 0
2018/04/23-14:51:06.973484 7f196ec78a00                   Options.table_properties_collectors: 
2018/04/23-14:51:06.973485 7f196ec78a00                   Options.inplace_update_support: 0
2018/04/23-14:51:06.973486 7f196ec78a00                 Options.inplace_update_num_locks: 10000
2018/04/23-14:51:06.973487 7f196ec78a00               Options.memtable_prefix_bloom_size_ratio: 0.000000
2018/04/23-14:51:06.973489 7f196ec78a00   Options.memtable_huge_page_size: 0
2018/04/23-14:51:06.973490 7f196ec78a00                           Options.bloom_locality: 0
2018/04/23-14:51:06.973491 7f196ec78a00                    Options.max_successive_merges: 0
2018/04/23-14:51:06.973492 7f196ec78a00                Options.optimize_filters_for_hits: 0
2018/04/23-14:51:06.973492 7f196ec78a00                Options.paranoid_file_checks: 0
2018/04/23-14:51:06.973493 7f196ec78a00                Options.force_consistency_checks: 0
2018/04/23-14:51:06.973494 7f196ec78a00                Options.report_bg_io_stats: 0
2018/04/23-14:51:06.975423 7f196ec78a00 [db/version_set.cc:3316] Recovered from manifest file:/mnt/ssd/rocksdb/MANIFEST-000001 succeeded,manifest_file_number is 1, next_file_number is 3, last_sequence is 0, log_number is 0,prev_log_number is 0,max_column_family is 0
2018/04/23-14:51:06.975428 7f196ec78a00 [db/version_set.cc:3324] Column family [default] (ID 0), log number is 0
2018/04/23-14:51:06.981033 7f196ec78a00 [db/db_impl_open.cc:1188] DB pointer 0x2440800
2018/04/23-14:55:27.714960 7f196ec78a00 [db/db_impl.cc:252] Shutdown: canceling all background work
2018/04/23-14:55:27.727094 7f196ec78a00 [db/db_impl.cc:395] Shutdown complete
