2018/04/23-14:22:42.074814 7f038e5c4a00 RocksDB version: 5.13.0
2018/04/23-14:22:42.074831 7f038e5c4a00 Git sha rocksdb_build_git_sha:9d2e34ed4c3b78d5a0c96bfa8aa8e833387b828a
2018/04/23-14:22:42.074833 7f038e5c4a00 Compile date Apr 22 2018
2018/04/23-14:22:42.074834 7f038e5c4a00 DB SUMMARY
2018/04/23-14:22:42.074843 7f038e5c4a00 SST files in /mnt/ssd/rocksdb dir, Total Num: 0, files: 
2018/04/23-14:22:42.074845 7f038e5c4a00 Write Ahead Log file in /mnt/ssd/rocksdb: 
2018/04/23-14:22:42.074846 7f038e5c4a00                         Options.error_if_exists: 0
2018/04/23-14:22:42.074847 7f038e5c4a00                       Options.create_if_missing: 1
2018/04/23-14:22:42.074848 7f038e5c4a00                         Options.paranoid_checks: 1
2018/04/23-14:22:42.074849 7f038e5c4a00                                     Options.env: 0xadd940
2018/04/23-14:22:42.074850 7f038e5c4a00                                Options.info_log: 0x1d9c2e0
2018/04/23-14:22:42.074851 7f038e5c4a00                Options.max_file_opening_threads: 16
2018/04/23-14:22:42.074852 7f038e5c4a00                              Options.statistics: 0x1d83b50
2018/04/23-14:22:42.074853 7f038e5c4a00                               Options.use_fsync: 0
2018/04/23-14:22:42.074854 7f038e5c4a00                       Options.max_log_file_size: 0
2018/04/23-14:22:42.074855 7f038e5c4a00                  Options.max_manifest_file_size: 18446744073709551615
2018/04/23-14:22:42.074856 7f038e5c4a00                   Options.log_file_time_to_roll: 0
2018/04/23-14:22:42.074857 7f038e5c4a00                       Options.keep_log_file_num: 1000
2018/04/23-14:22:42.074858 7f038e5c4a00                    Options.recycle_log_file_num: 0
2018/04/23-14:22:42.074859 7f038e5c4a00                         Options.allow_fallocate: 1
2018/04/23-14:22:42.074860 7f038e5c4a00                        Options.allow_mmap_reads: 0
2018/04/23-14:22:42.074861 7f038e5c4a00                       Options.allow_mmap_writes: 0
2018/04/23-14:22:42.074862 7f038e5c4a00                        Options.use_direct_reads: 0
2018/04/23-14:22:42.074863 7f038e5c4a00                        Options.use_direct_io_for_flush_and_compaction: 0
2018/04/23-14:22:42.074864 7f038e5c4a00          Options.create_missing_column_families: 0
2018/04/23-14:22:42.074865 7f038e5c4a00                              Options.db_log_dir: 
2018/04/23-14:22:42.074865 7f038e5c4a00                                 Options.wal_dir: /mnt/ssd/rocksdb
2018/04/23-14:22:42.074867 7f038e5c4a00                Options.table_cache_numshardbits: 4
2018/04/23-14:22:42.074867 7f038e5c4a00                      Options.max_subcompactions: 1
2018/04/23-14:22:42.074868 7f038e5c4a00                  Options.max_background_flushes: -1
2018/04/23-14:22:42.074869 7f038e5c4a00                         Options.WAL_ttl_seconds: 0
2018/04/23-14:22:42.074870 7f038e5c4a00                       Options.WAL_size_limit_MB: 0
2018/04/23-14:22:42.074871 7f038e5c4a00             Options.manifest_preallocation_size: 4194304
2018/04/23-14:22:42.074872 7f038e5c4a00                     Options.is_fd_close_on_exec: 1
2018/04/23-14:22:42.074873 7f038e5c4a00                   Options.advise_random_on_open: 1
2018/04/23-14:22:42.074874 7f038e5c4a00                    Options.db_write_buffer_size: 0
2018/04/23-14:22:42.074875 7f038e5c4a00                    Options.write_buffer_manager: 0x1d8e240
2018/04/23-14:22:42.074876 7f038e5c4a00         Options.access_hint_on_compaction_start: 1
2018/04/23-14:22:42.074877 7f038e5c4a00  Options.new_table_reader_for_compaction_inputs: 1
2018/04/23-14:22:42.074878 7f038e5c4a00           Options.random_access_max_buffer_size: 1048576
2018/04/23-14:22:42.074879 7f038e5c4a00                      Options.use_adaptive_mutex: 0
2018/04/23-14:22:42.074880 7f038e5c4a00                            Options.rate_limiter: (nil)
2018/04/23-14:22:42.074881 7f038e5c4a00     Options.sst_file_manager.rate_bytes_per_sec: 0
2018/04/23-14:22:42.074882 7f038e5c4a00                       Options.wal_recovery_mode: 2
2018/04/23-14:22:42.074882 7f038e5c4a00                  Options.enable_thread_tracking: 0
2018/04/23-14:22:42.074883 7f038e5c4a00                  Options.enable_pipelined_write: 0
2018/04/23-14:22:42.074888 7f038e5c4a00         Options.allow_concurrent_memtable_write: 1
2018/04/23-14:22:42.074889 7f038e5c4a00      Options.enable_write_thread_adaptive_yield: 1
2018/04/23-14:22:42.074890 7f038e5c4a00             Options.write_thread_max_yield_usec: 100
2018/04/23-14:22:42.074891 7f038e5c4a00            Options.write_thread_slow_yield_usec: 3
2018/04/23-14:22:42.074892 7f038e5c4a00                               Options.row_cache: None
2018/04/23-14:22:42.074893 7f038e5c4a00                              Options.wal_filter: None
2018/04/23-14:22:42.074894 7f038e5c4a00             Options.avoid_flush_during_recovery: 0
2018/04/23-14:22:42.074895 7f038e5c4a00             Options.allow_ingest_behind: 0
2018/04/23-14:22:42.074896 7f038e5c4a00             Options.preserve_deletes: 0
2018/04/23-14:22:42.074897 7f038e5c4a00             Options.two_write_queues: 0
2018/04/23-14:22:42.074898 7f038e5c4a00             Options.manual_wal_flush: 0
2018/04/23-14:22:42.074899 7f038e5c4a00             Options.max_background_jobs: 2
2018/04/23-14:22:42.074900 7f038e5c4a00             Options.max_background_compactions: -1
2018/04/23-14:22:42.074901 7f038e5c4a00             Options.avoid_flush_during_shutdown: 0
2018/04/23-14:22:42.074902 7f038e5c4a00           Options.writable_file_max_buffer_size: 1048576
2018/04/23-14:22:42.074903 7f038e5c4a00             Options.delayed_write_rate : 8388608
2018/04/23-14:22:42.074904 7f038e5c4a00             Options.max_total_wal_size: 0
2018/04/23-14:22:42.074905 7f038e5c4a00             Options.delete_obsolete_files_period_micros: 21600000000
2018/04/23-14:22:42.074906 7f038e5c4a00                   Options.stats_dump_period_sec: 600
2018/04/23-14:22:42.074906 7f038e5c4a00                          Options.max_open_files: -1
2018/04/23-14:22:42.074907 7f038e5c4a00                          Options.bytes_per_sync: 0
2018/04/23-14:22:42.074908 7f038e5c4a00                      Options.wal_bytes_per_sync: 0
2018/04/23-14:22:42.074909 7f038e5c4a00       Options.compaction_readahead_size: 0
2018/04/23-14:22:42.074910 7f038e5c4a00 Compression algorithms supported:
2018/04/23-14:22:42.074911 7f038e5c4a00 	kZSTDNotFinalCompression supported: 1
2018/04/23-14:22:42.074912 7f038e5c4a00 	kZSTD supported: 0
2018/04/23-14:22:42.074914 7f038e5c4a00 	kXpressCompression supported: 0
2018/04/23-14:22:42.074915 7f038e5c4a00 	kLZ4HCCompression supported: 1
2018/04/23-14:22:42.074916 7f038e5c4a00 	kLZ4Compression supported: 1
2018/04/23-14:22:42.074917 7f038e5c4a00 	kBZip2Compression supported: 1
2018/04/23-14:22:42.074918 7f038e5c4a00 	kZlibCompression supported: 1
2018/04/23-14:22:42.074919 7f038e5c4a00 	kSnappyCompression supported: 1
2018/04/23-14:22:42.074924 7f038e5c4a00 Fast CRC32 supported: Supported on x86
2018/04/23-14:22:42.074944 7f038e5c4a00 [db/db_impl_open.cc:227] Creating manifest 1 
2018/04/23-14:22:42.084288 7f038e5c4a00 [db/version_set.cc:3050] Recovering from manifest file: MANIFEST-000001
2018/04/23-14:22:42.084324 7f038e5c4a00 [db/column_family.cc:433] --------------- Options for column family [default]:
2018/04/23-14:22:42.084326 7f038e5c4a00               Options.comparator: leveldb.BytewiseComparator
2018/04/23-14:22:42.084327 7f038e5c4a00           Options.merge_operator: None
2018/04/23-14:22:42.084328 7f038e5c4a00        Options.compaction_filter: None
2018/04/23-14:22:42.084329 7f038e5c4a00        Options.compaction_filter_factory: None
2018/04/23-14:22:42.084330 7f038e5c4a00         Options.memtable_factory: SkipListFactory
2018/04/23-14:22:42.084331 7f038e5c4a00            Options.table_factory: BlockBasedTable
2018/04/23-14:22:42.084351 7f038e5c4a00            table_factory options:   flush_block_policy_factory: FlushBlockBySizePolicyFactory (0x1d8b900)
  cache_index_and_filter_blocks: 0
  cache_index_and_filter_blocks_with_high_priority: 0
  pin_l0_filter_and_index_blocks_in_cache: 0
  index_type: 0
  hash_index_allow_collision: 1
  checksum: 1
  no_block_cache: 0
  block_cache: 0x1d83a60
  block_cache_name: LRUCache
  block_cache_options:
    capacity : 8388608
    num_shard_bits : 6
    strict_capacity_limit : 0
    high_pri_pool_ratio: 0.000
  block_cache_compressed: (nil)
  persistent_cache: (nil)
  block_size: 4096
  block_size_deviation: 10
  block_restart_interval: 16
  index_block_restart_interval: 1
  metadata_block_size: 4096
  partition_filters: 0
  use_delta_encoding: 1
  filter_policy: nullptr
  whole_key_filtering: 1
  verify_compression: 0
  read_amp_bytes_per_bit: 0
  format_version: 2
  enable_index_compression: 1
2018/04/23-14:22:42.084362 7f038e5c4a00        Options.write_buffer_size: 17179869184
2018/04/23-14:22:42.084363 7f038e5c4a00  Options.max_write_buffer_number: 2
2018/04/23-14:22:42.084364 7f038e5c4a00          Options.compression: Snappy
2018/04/23-14:22:42.084365 7f038e5c4a00                  Options.bottommost_compression: Disabled
2018/04/23-14:22:42.084366 7f038e5c4a00       Options.prefix_extractor: rocksdb.FixedPrefix.8
2018/04/23-14:22:42.084368 7f038e5c4a00   Options.memtable_insert_with_hint_prefix_extractor: nullptr
2018/04/23-14:22:42.084369 7f038e5c4a00             Options.num_levels: 7
2018/04/23-14:22:42.084370 7f038e5c4a00        Options.min_write_buffer_number_to_merge: 1
2018/04/23-14:22:42.084371 7f038e5c4a00     Options.max_write_buffer_number_to_maintain: 0
2018/04/23-14:22:42.084372 7f038e5c4a00            Options.compression_opts.window_bits: -14
2018/04/23-14:22:42.084372 7f038e5c4a00                  Options.compression_opts.level: -1
2018/04/23-14:22:42.084373 7f038e5c4a00               Options.compression_opts.strategy: 0
2018/04/23-14:22:42.084374 7f038e5c4a00         Options.compression_opts.max_dict_bytes: 0
2018/04/23-14:22:42.084375 7f038e5c4a00      Options.level0_file_num_compaction_trigger: 4
2018/04/23-14:22:42.084376 7f038e5c4a00          Options.level0_slowdown_writes_trigger: 20
2018/04/23-14:22:42.084377 7f038e5c4a00              Options.level0_stop_writes_trigger: 36
2018/04/23-14:22:42.084378 7f038e5c4a00                   Options.target_file_size_base: 67108864
2018/04/23-14:22:42.084379 7f038e5c4a00             Options.target_file_size_multiplier: 1
2018/04/23-14:22:42.084380 7f038e5c4a00                Options.max_bytes_for_level_base: 268435456
2018/04/23-14:22:42.084381 7f038e5c4a00 Options.level_compaction_dynamic_level_bytes: 0
2018/04/23-14:22:42.084382 7f038e5c4a00          Options.max_bytes_for_level_multiplier: 10.000000
2018/04/23-14:22:42.084384 7f038e5c4a00 Options.max_bytes_for_level_multiplier_addtl[0]: 1
2018/04/23-14:22:42.084385 7f038e5c4a00 Options.max_bytes_for_level_multiplier_addtl[1]: 1
2018/04/23-14:22:42.084386 7f038e5c4a00 Options.max_bytes_for_level_multiplier_addtl[2]: 1
2018/04/23-14:22:42.084387 7f038e5c4a00 Options.max_bytes_for_level_multiplier_addtl[3]: 1
2018/04/23-14:22:42.084387 7f038e5c4a00 Options.max_bytes_for_level_multiplier_addtl[4]: 1
2018/04/23-14:22:42.084388 7f038e5c4a00 Options.max_bytes_for_level_multiplier_addtl[5]: 1
2018/04/23-14:22:42.084389 7f038e5c4a00 Options.max_bytes_for_level_multiplier_addtl[6]: 1
2018/04/23-14:22:42.084390 7f038e5c4a00       Options.max_sequential_skip_in_iterations: 8
2018/04/23-14:22:42.084391 7f038e5c4a00                    Options.max_compaction_bytes: 1677721600
2018/04/23-14:22:42.084392 7f038e5c4a00                        Options.arena_block_size: 2147483648
2018/04/23-14:22:42.084393 7f038e5c4a00   Options.soft_pending_compaction_bytes_limit: 68719476736
2018/04/23-14:22:42.084394 7f038e5c4a00   Options.hard_pending_compaction_bytes_limit: 137438953472
2018/04/23-14:22:42.084395 7f038e5c4a00       Options.rate_limit_delay_max_milliseconds: 1000
2018/04/23-14:22:42.084396 7f038e5c4a00                Options.disable_auto_compactions: 0
2018/04/23-14:22:42.084398 7f038e5c4a00                        Options.compaction_style: kCompactionStyleLevel
2018/04/23-14:22:42.084399 7f038e5c4a00                          Options.compaction_pri: kByCompensatedSize
2018/04/23-14:22:42.084400 7f038e5c4a00 Options.compaction_options_universal.size_ratio: 1
2018/04/23-14:22:42.084401 7f038e5c4a00 Options.compaction_options_universal.min_merge_width: 2
2018/04/23-14:22:42.084406 7f038e5c4a00 Options.compaction_options_universal.max_merge_width: 4294967295
2018/04/23-14:22:42.084407 7f038e5c4a00 Options.compaction_options_universal.max_size_amplification_percent: 200
2018/04/23-14:22:42.084408 7f038e5c4a00 Options.compaction_options_universal.compression_size_percent: -1
2018/04/23-14:22:42.084409 7f038e5c4a00 Options.compaction_options_universal.stop_style: kCompactionStopStyleTotalSize
2018/04/23-14:22:42.084410 7f038e5c4a00 Options.compaction_options_fifo.max_table_files_size: 0
2018/04/23-14:22:42.084411 7f038e5c4a00 Options.compaction_options_fifo.allow_compaction: 1
2018/04/23-14:22:42.084412 7f038e5c4a00 Options.compaction_options_fifo.ttl: 0
2018/04/23-14:22:42.084413 7f038e5c4a00                   Options.table_properties_collectors: 
2018/04/23-14:22:42.084414 7f038e5c4a00                   Options.inplace_update_support: 0
2018/04/23-14:22:42.084415 7f038e5c4a00                 Options.inplace_update_num_locks: 10000
2018/04/23-14:22:42.084416 7f038e5c4a00               Options.memtable_prefix_bloom_size_ratio: 0.000000
2018/04/23-14:22:42.084418 7f038e5c4a00   Options.memtable_huge_page_size: 0
2018/04/23-14:22:42.084419 7f038e5c4a00                           Options.bloom_locality: 0
2018/04/23-14:22:42.084420 7f038e5c4a00                    Options.max_successive_merges: 0
2018/04/23-14:22:42.084421 7f038e5c4a00                Options.optimize_filters_for_hits: 0
2018/04/23-14:22:42.084422 7f038e5c4a00                Options.paranoid_file_checks: 0
2018/04/23-14:22:42.084423 7f038e5c4a00                Options.force_consistency_checks: 0
2018/04/23-14:22:42.084424 7f038e5c4a00                Options.report_bg_io_stats: 0
2018/04/23-14:22:42.085267 7f038e5c4a00 [db/version_set.cc:3316] Recovered from manifest file:/mnt/ssd/rocksdb/MANIFEST-000001 succeeded,manifest_file_number is 1, next_file_number is 3, last_sequence is 0, log_number is 0,prev_log_number is 0,max_column_family is 0
2018/04/23-14:22:42.085271 7f038e5c4a00 [db/version_set.cc:3324] Column family [default] (ID 0), log number is 0
2018/04/23-14:22:42.090232 7f038e5c4a00 [db/db_impl_open.cc:1188] DB pointer 0x1d8a7e0
2018/04/23-14:24:16.137245 7f038e5c4a00 [db/db_impl.cc:252] Shutdown: canceling all background work
2018/04/23-14:24:16.141319 7f038e5c4a00 [db/db_impl.cc:395] Shutdown complete
