2018/04/16-06:33:44.419666 7f03160bca00 RocksDB version: 5.13.0
2018/04/16-06:33:44.419697 7f03160bca00 Git sha rocksdb_build_git_sha:9d2e34ed4c3b78d5a0c96bfa8aa8e833387b828a
2018/04/16-06:33:44.419699 7f03160bca00 Compile date Apr 12 2018
2018/04/16-06:33:44.419700 7f03160bca00 DB SUMMARY
2018/04/16-06:33:44.419710 7f03160bca00 SST files in /mnt/ssd/rocksdb dir, Total Num: 0, files: 
2018/04/16-06:33:44.419711 7f03160bca00 Write Ahead Log file in /mnt/ssd/rocksdb: 
2018/04/16-06:33:44.419713 7f03160bca00                         Options.error_if_exists: 0
2018/04/16-06:33:44.419714 7f03160bca00                       Options.create_if_missing: 1
2018/04/16-06:33:44.419715 7f03160bca00                         Options.paranoid_checks: 1
2018/04/16-06:33:44.419716 7f03160bca00                                     Options.env: 0xb73fe0
2018/04/16-06:33:44.419717 7f03160bca00                                Options.info_log: 0x2503d60
2018/04/16-06:33:44.419718 7f03160bca00                Options.max_file_opening_threads: 16
2018/04/16-06:33:44.419719 7f03160bca00                              Options.statistics: 0x24f49d0
2018/04/16-06:33:44.419720 7f03160bca00                               Options.use_fsync: 0
2018/04/16-06:33:44.419721 7f03160bca00                       Options.max_log_file_size: 0
2018/04/16-06:33:44.419722 7f03160bca00                  Options.max_manifest_file_size: 18446744073709551615
2018/04/16-06:33:44.419723 7f03160bca00                   Options.log_file_time_to_roll: 0
2018/04/16-06:33:44.419724 7f03160bca00                       Options.keep_log_file_num: 1000
2018/04/16-06:33:44.419725 7f03160bca00                    Options.recycle_log_file_num: 0
2018/04/16-06:33:44.419726 7f03160bca00                         Options.allow_fallocate: 1
2018/04/16-06:33:44.419726 7f03160bca00                        Options.allow_mmap_reads: 0
2018/04/16-06:33:44.419727 7f03160bca00                       Options.allow_mmap_writes: 0
2018/04/16-06:33:44.419728 7f03160bca00                        Options.use_direct_reads: 0
2018/04/16-06:33:44.419729 7f03160bca00                        Options.use_direct_io_for_flush_and_compaction: 0
2018/04/16-06:33:44.419730 7f03160bca00          Options.create_missing_column_families: 0
2018/04/16-06:33:44.419731 7f03160bca00                              Options.db_log_dir: 
2018/04/16-06:33:44.419732 7f03160bca00                                 Options.wal_dir: /mnt/ssd/rocksdb
2018/04/16-06:33:44.419733 7f03160bca00                Options.table_cache_numshardbits: 4
2018/04/16-06:33:44.419734 7f03160bca00                      Options.max_subcompactions: 1
2018/04/16-06:33:44.419735 7f03160bca00                  Options.max_background_flushes: -1
2018/04/16-06:33:44.419736 7f03160bca00                         Options.WAL_ttl_seconds: 0
2018/04/16-06:33:44.419737 7f03160bca00                       Options.WAL_size_limit_MB: 0
2018/04/16-06:33:44.419738 7f03160bca00             Options.manifest_preallocation_size: 4194304
2018/04/16-06:33:44.419739 7f03160bca00                     Options.is_fd_close_on_exec: 1
2018/04/16-06:33:44.419739 7f03160bca00                   Options.advise_random_on_open: 1
2018/04/16-06:33:44.419740 7f03160bca00                    Options.db_write_buffer_size: 0
2018/04/16-06:33:44.419741 7f03160bca00                    Options.write_buffer_manager: 0x24f5160
2018/04/16-06:33:44.419742 7f03160bca00         Options.access_hint_on_compaction_start: 1
2018/04/16-06:33:44.419743 7f03160bca00  Options.new_table_reader_for_compaction_inputs: 1
2018/04/16-06:33:44.419744 7f03160bca00           Options.random_access_max_buffer_size: 1048576
2018/04/16-06:33:44.419744 7f03160bca00                      Options.use_adaptive_mutex: 0
2018/04/16-06:33:44.419745 7f03160bca00                            Options.rate_limiter: (nil)
2018/04/16-06:33:44.419746 7f03160bca00     Options.sst_file_manager.rate_bytes_per_sec: 0
2018/04/16-06:33:44.419747 7f03160bca00                       Options.wal_recovery_mode: 2
2018/04/16-06:33:44.419748 7f03160bca00                  Options.enable_thread_tracking: 0
2018/04/16-06:33:44.419749 7f03160bca00                  Options.enable_pipelined_write: 1
2018/04/16-06:33:44.419754 7f03160bca00         Options.allow_concurrent_memtable_write: 1
2018/04/16-06:33:44.419755 7f03160bca00      Options.enable_write_thread_adaptive_yield: 1
2018/04/16-06:33:44.419756 7f03160bca00             Options.write_thread_max_yield_usec: 100
2018/04/16-06:33:44.419757 7f03160bca00            Options.write_thread_slow_yield_usec: 3
2018/04/16-06:33:44.419758 7f03160bca00                               Options.row_cache: None
2018/04/16-06:33:44.419759 7f03160bca00                              Options.wal_filter: None
2018/04/16-06:33:44.419760 7f03160bca00             Options.avoid_flush_during_recovery: 0
2018/04/16-06:33:44.419761 7f03160bca00             Options.allow_ingest_behind: 0
2018/04/16-06:33:44.419761 7f03160bca00             Options.preserve_deletes: 0
2018/04/16-06:33:44.419762 7f03160bca00             Options.two_write_queues: 0
2018/04/16-06:33:44.419763 7f03160bca00             Options.manual_wal_flush: 0
2018/04/16-06:33:44.419764 7f03160bca00             Options.max_background_jobs: 2
2018/04/16-06:33:44.419765 7f03160bca00             Options.max_background_compactions: -1
2018/04/16-06:33:44.419766 7f03160bca00             Options.avoid_flush_during_shutdown: 0
2018/04/16-06:33:44.419767 7f03160bca00           Options.writable_file_max_buffer_size: 1048576
2018/04/16-06:33:44.419768 7f03160bca00             Options.delayed_write_rate : 8388608
2018/04/16-06:33:44.419768 7f03160bca00             Options.max_total_wal_size: 0
2018/04/16-06:33:44.419769 7f03160bca00             Options.delete_obsolete_files_period_micros: 21600000000
2018/04/16-06:33:44.419770 7f03160bca00                   Options.stats_dump_period_sec: 600
2018/04/16-06:33:44.419771 7f03160bca00                          Options.max_open_files: -1
2018/04/16-06:33:44.419772 7f03160bca00                          Options.bytes_per_sync: 0
2018/04/16-06:33:44.419773 7f03160bca00                      Options.wal_bytes_per_sync: 0
2018/04/16-06:33:44.419774 7f03160bca00       Options.compaction_readahead_size: 0
2018/04/16-06:33:44.419774 7f03160bca00 Compression algorithms supported:
2018/04/16-06:33:44.419776 7f03160bca00 	kZSTDNotFinalCompression supported: 1
2018/04/16-06:33:44.419778 7f03160bca00 	kZSTD supported: 0
2018/04/16-06:33:44.419779 7f03160bca00 	kXpressCompression supported: 0
2018/04/16-06:33:44.419780 7f03160bca00 	kLZ4HCCompression supported: 1
2018/04/16-06:33:44.419781 7f03160bca00 	kLZ4Compression supported: 1
2018/04/16-06:33:44.419782 7f03160bca00 	kBZip2Compression supported: 1
2018/04/16-06:33:44.419783 7f03160bca00 	kZlibCompression supported: 1
2018/04/16-06:33:44.419784 7f03160bca00 	kSnappyCompression supported: 1
2018/04/16-06:33:44.419791 7f03160bca00 Fast CRC32 supported: Supported on x86
2018/04/16-06:33:44.419813 7f03160bca00 [db/db_impl_open.cc:227] Creating manifest 1 
2018/04/16-06:33:44.446656 7f03160bca00 [db/version_set.cc:3050] Recovering from manifest file: MANIFEST-000001
2018/04/16-06:33:44.446708 7f03160bca00 [db/column_family.cc:433] --------------- Options for column family [default]:
2018/04/16-06:33:44.446710 7f03160bca00               Options.comparator: leveldb.BytewiseComparator
2018/04/16-06:33:44.446712 7f03160bca00           Options.merge_operator: None
2018/04/16-06:33:44.446713 7f03160bca00        Options.compaction_filter: None
2018/04/16-06:33:44.446714 7f03160bca00        Options.compaction_filter_factory: None
2018/04/16-06:33:44.446715 7f03160bca00         Options.memtable_factory: SkipListFactory
2018/04/16-06:33:44.446716 7f03160bca00            Options.table_factory: BlockBasedTable
2018/04/16-06:33:44.446742 7f03160bca00            table_factory options:   flush_block_policy_factory: FlushBlockBySizePolicyFactory (0x24621d0)
  cache_index_and_filter_blocks: 0
  cache_index_and_filter_blocks_with_high_priority: 0
  pin_l0_filter_and_index_blocks_in_cache: 0
  index_type: 0
  hash_index_allow_collision: 1
  checksum: 1
  no_block_cache: 0
  block_cache: 0x24f4a50
  block_cache_name: LRUCache
  block_cache_options:
    capacity : 8388608
    num_shard_bits : 6
    strict_capacity_limit : 0
    high_pri_pool_ratio: 0.000
  block_cache_compressed: (nil)
  persistent_cache: (nil)
  block_size: 4096
  block_size_deviation: 10
  block_restart_interval: 16
  index_block_restart_interval: 1
  metadata_block_size: 4096
  partition_filters: 0
  use_delta_encoding: 1
  filter_policy: nullptr
  whole_key_filtering: 1
  verify_compression: 0
  read_amp_bytes_per_bit: 0
  format_version: 2
  enable_index_compression: 1
2018/04/16-06:33:44.446752 7f03160bca00        Options.write_buffer_size: 17179869184
2018/04/16-06:33:44.446754 7f03160bca00  Options.max_write_buffer_number: 2
2018/04/16-06:33:44.446755 7f03160bca00          Options.compression: Snappy
2018/04/16-06:33:44.446756 7f03160bca00                  Options.bottommost_compression: Disabled
2018/04/16-06:33:44.446757 7f03160bca00       Options.prefix_extractor: rocksdb.FixedPrefix.8
2018/04/16-06:33:44.446758 7f03160bca00   Options.memtable_insert_with_hint_prefix_extractor: nullptr
2018/04/16-06:33:44.446759 7f03160bca00             Options.num_levels: 7
2018/04/16-06:33:44.446761 7f03160bca00        Options.min_write_buffer_number_to_merge: 1
2018/04/16-06:33:44.446761 7f03160bca00     Options.max_write_buffer_number_to_maintain: 0
2018/04/16-06:33:44.446762 7f03160bca00            Options.compression_opts.window_bits: -14
2018/04/16-06:33:44.446763 7f03160bca00                  Options.compression_opts.level: -1
2018/04/16-06:33:44.446764 7f03160bca00               Options.compression_opts.strategy: 0
2018/04/16-06:33:44.446765 7f03160bca00         Options.compression_opts.max_dict_bytes: 0
2018/04/16-06:33:44.446766 7f03160bca00      Options.level0_file_num_compaction_trigger: 4
2018/04/16-06:33:44.446767 7f03160bca00          Options.level0_slowdown_writes_trigger: 20
2018/04/16-06:33:44.446768 7f03160bca00              Options.level0_stop_writes_trigger: 36
2018/04/16-06:33:44.446768 7f03160bca00                   Options.target_file_size_base: 67108864
2018/04/16-06:33:44.446769 7f03160bca00             Options.target_file_size_multiplier: 1
2018/04/16-06:33:44.446770 7f03160bca00                Options.max_bytes_for_level_base: 268435456
2018/04/16-06:33:44.446771 7f03160bca00 Options.level_compaction_dynamic_level_bytes: 0
2018/04/16-06:33:44.446772 7f03160bca00          Options.max_bytes_for_level_multiplier: 10.000000
2018/04/16-06:33:44.446774 7f03160bca00 Options.max_bytes_for_level_multiplier_addtl[0]: 1
2018/04/16-06:33:44.446775 7f03160bca00 Options.max_bytes_for_level_multiplier_addtl[1]: 1
2018/04/16-06:33:44.446776 7f03160bca00 Options.max_bytes_for_level_multiplier_addtl[2]: 1
2018/04/16-06:33:44.446777 7f03160bca00 Options.max_bytes_for_level_multiplier_addtl[3]: 1
2018/04/16-06:33:44.446778 7f03160bca00 Options.max_bytes_for_level_multiplier_addtl[4]: 1
2018/04/16-06:33:44.446779 7f03160bca00 Options.max_bytes_for_level_multiplier_addtl[5]: 1
2018/04/16-06:33:44.446780 7f03160bca00 Options.max_bytes_for_level_multiplier_addtl[6]: 1
2018/04/16-06:33:44.446780 7f03160bca00       Options.max_sequential_skip_in_iterations: 8
2018/04/16-06:33:44.446781 7f03160bca00                    Options.max_compaction_bytes: 1677721600
2018/04/16-06:33:44.446782 7f03160bca00                        Options.arena_block_size: 2147483648
2018/04/16-06:33:44.446783 7f03160bca00   Options.soft_pending_compaction_bytes_limit: 68719476736
2018/04/16-06:33:44.446784 7f03160bca00   Options.hard_pending_compaction_bytes_limit: 137438953472
2018/04/16-06:33:44.446785 7f03160bca00       Options.rate_limit_delay_max_milliseconds: 1000
2018/04/16-06:33:44.446786 7f03160bca00                Options.disable_auto_compactions: 0
2018/04/16-06:33:44.446788 7f03160bca00                        Options.compaction_style: kCompactionStyleLevel
2018/04/16-06:33:44.446789 7f03160bca00                          Options.compaction_pri: kByCompensatedSize
2018/04/16-06:33:44.446790 7f03160bca00 Options.compaction_options_universal.size_ratio: 1
2018/04/16-06:33:44.446791 7f03160bca00 Options.compaction_options_universal.min_merge_width: 2
2018/04/16-06:33:44.446796 7f03160bca00 Options.compaction_options_universal.max_merge_width: 4294967295
2018/04/16-06:33:44.446797 7f03160bca00 Options.compaction_options_universal.max_size_amplification_percent: 200
2018/04/16-06:33:44.446798 7f03160bca00 Options.compaction_options_universal.compression_size_percent: -1
2018/04/16-06:33:44.446799 7f03160bca00 Options.compaction_options_universal.stop_style: kCompactionStopStyleTotalSize
2018/04/16-06:33:44.446800 7f03160bca00 Options.compaction_options_fifo.max_table_files_size: 0
2018/04/16-06:33:44.446801 7f03160bca00 Options.compaction_options_fifo.allow_compaction: 1
2018/04/16-06:33:44.446802 7f03160bca00 Options.compaction_options_fifo.ttl: 0
2018/04/16-06:33:44.446803 7f03160bca00                   Options.table_properties_collectors: 
2018/04/16-06:33:44.446804 7f03160bca00                   Options.inplace_update_support: 0
2018/04/16-06:33:44.446805 7f03160bca00                 Options.inplace_update_num_locks: 10000
2018/04/16-06:33:44.446806 7f03160bca00               Options.memtable_prefix_bloom_size_ratio: 0.000000
2018/04/16-06:33:44.446807 7f03160bca00   Options.memtable_huge_page_size: 0
2018/04/16-06:33:44.446808 7f03160bca00                           Options.bloom_locality: 0
2018/04/16-06:33:44.446809 7f03160bca00                    Options.max_successive_merges: 0
2018/04/16-06:33:44.446809 7f03160bca00                Options.optimize_filters_for_hits: 0
2018/04/16-06:33:44.446810 7f03160bca00                Options.paranoid_file_checks: 0
2018/04/16-06:33:44.446811 7f03160bca00                Options.force_consistency_checks: 0
2018/04/16-06:33:44.446812 7f03160bca00                Options.report_bg_io_stats: 0
2018/04/16-06:33:44.448277 7f03160bca00 [db/version_set.cc:3316] Recovered from manifest file:/mnt/ssd/rocksdb/MANIFEST-000001 succeeded,manifest_file_number is 1, next_file_number is 3, last_sequence is 0, log_number is 0,prev_log_number is 0,max_column_family is 0
2018/04/16-06:33:44.448281 7f03160bca00 [db/version_set.cc:3324] Column family [default] (ID 0), log number is 0
2018/04/16-06:33:44.453724 7f03160bca00 [db/db_impl_open.cc:1188] DB pointer 0x2502220
2018/04/16-07:22:58.292164 7f03160bca00 [db/db_impl.cc:252] Shutdown: canceling all background work
2018/04/16-07:22:58.314849 7f03160bca00 [db/db_impl.cc:395] Shutdown complete
