2018/04/22-07:33:34.084480 7f3638813a00 RocksDB version: 5.13.0
2018/04/22-07:33:34.084499 7f3638813a00 Git sha rocksdb_build_git_sha:9d2e34ed4c3b78d5a0c96bfa8aa8e833387b828a
2018/04/22-07:33:34.084500 7f3638813a00 Compile date Apr 22 2018
2018/04/22-07:33:34.084502 7f3638813a00 DB SUMMARY
2018/04/22-07:33:34.084511 7f3638813a00 SST files in /mnt/ssd/rocksdb dir, Total Num: 0, files: 
2018/04/22-07:33:34.084512 7f3638813a00 Write Ahead Log file in /mnt/ssd/rocksdb: 
2018/04/22-07:33:34.084514 7f3638813a00                         Options.error_if_exists: 0
2018/04/22-07:33:34.084515 7f3638813a00                       Options.create_if_missing: 1
2018/04/22-07:33:34.084516 7f3638813a00                         Options.paranoid_checks: 1
2018/04/22-07:33:34.084517 7f3638813a00                                     Options.env: 0xadd940
2018/04/22-07:33:34.084518 7f3638813a00                                Options.info_log: 0x13df100
2018/04/22-07:33:34.084519 7f3638813a00                Options.max_file_opening_threads: 16
2018/04/22-07:33:34.084520 7f3638813a00                              Options.statistics: 0x13cfde0
2018/04/22-07:33:34.084521 7f3638813a00                               Options.use_fsync: 0
2018/04/22-07:33:34.084522 7f3638813a00                       Options.max_log_file_size: 0
2018/04/22-07:33:34.084523 7f3638813a00                  Options.max_manifest_file_size: 18446744073709551615
2018/04/22-07:33:34.084524 7f3638813a00                   Options.log_file_time_to_roll: 0
2018/04/22-07:33:34.084525 7f3638813a00                       Options.keep_log_file_num: 1000
2018/04/22-07:33:34.084526 7f3638813a00                    Options.recycle_log_file_num: 0
2018/04/22-07:33:34.084527 7f3638813a00                         Options.allow_fallocate: 1
2018/04/22-07:33:34.084528 7f3638813a00                        Options.allow_mmap_reads: 0
2018/04/22-07:33:34.084529 7f3638813a00                       Options.allow_mmap_writes: 0
2018/04/22-07:33:34.084530 7f3638813a00                        Options.use_direct_reads: 0
2018/04/22-07:33:34.084531 7f3638813a00                        Options.use_direct_io_for_flush_and_compaction: 0
2018/04/22-07:33:34.084532 7f3638813a00          Options.create_missing_column_families: 0
2018/04/22-07:33:34.084533 7f3638813a00                              Options.db_log_dir: 
2018/04/22-07:33:34.084534 7f3638813a00                                 Options.wal_dir: /mnt/ssd/rocksdb
2018/04/22-07:33:34.084535 7f3638813a00                Options.table_cache_numshardbits: 4
2018/04/22-07:33:34.084536 7f3638813a00                      Options.max_subcompactions: 1
2018/04/22-07:33:34.084537 7f3638813a00                  Options.max_background_flushes: -1
2018/04/22-07:33:34.084538 7f3638813a00                         Options.WAL_ttl_seconds: 0
2018/04/22-07:33:34.084539 7f3638813a00                       Options.WAL_size_limit_MB: 0
2018/04/22-07:33:34.084540 7f3638813a00             Options.manifest_preallocation_size: 4194304
2018/04/22-07:33:34.084541 7f3638813a00                     Options.is_fd_close_on_exec: 1
2018/04/22-07:33:34.084542 7f3638813a00                   Options.advise_random_on_open: 1
2018/04/22-07:33:34.084543 7f3638813a00                    Options.db_write_buffer_size: 0
2018/04/22-07:33:34.084544 7f3638813a00                    Options.write_buffer_manager: 0x13da0d0
2018/04/22-07:33:34.084545 7f3638813a00         Options.access_hint_on_compaction_start: 1
2018/04/22-07:33:34.084545 7f3638813a00  Options.new_table_reader_for_compaction_inputs: 1
2018/04/22-07:33:34.084546 7f3638813a00           Options.random_access_max_buffer_size: 1048576
2018/04/22-07:33:34.084547 7f3638813a00                      Options.use_adaptive_mutex: 0
2018/04/22-07:33:34.084548 7f3638813a00                            Options.rate_limiter: (nil)
2018/04/22-07:33:34.084549 7f3638813a00     Options.sst_file_manager.rate_bytes_per_sec: 0
2018/04/22-07:33:34.084550 7f3638813a00                       Options.wal_recovery_mode: 2
2018/04/22-07:33:34.084551 7f3638813a00                  Options.enable_thread_tracking: 0
2018/04/22-07:33:34.084552 7f3638813a00                  Options.enable_pipelined_write: 1
2018/04/22-07:33:34.084557 7f3638813a00         Options.allow_concurrent_memtable_write: 0
2018/04/22-07:33:34.084559 7f3638813a00      Options.enable_write_thread_adaptive_yield: 1
2018/04/22-07:33:34.084560 7f3638813a00             Options.write_thread_max_yield_usec: 100
2018/04/22-07:33:34.084561 7f3638813a00            Options.write_thread_slow_yield_usec: 3
2018/04/22-07:33:34.084562 7f3638813a00                               Options.row_cache: None
2018/04/22-07:33:34.084562 7f3638813a00                              Options.wal_filter: None
2018/04/22-07:33:34.084564 7f3638813a00             Options.avoid_flush_during_recovery: 0
2018/04/22-07:33:34.084564 7f3638813a00             Options.allow_ingest_behind: 0
2018/04/22-07:33:34.084565 7f3638813a00             Options.preserve_deletes: 0
2018/04/22-07:33:34.084566 7f3638813a00             Options.two_write_queues: 0
2018/04/22-07:33:34.084567 7f3638813a00             Options.manual_wal_flush: 0
2018/04/22-07:33:34.084568 7f3638813a00             Options.max_background_jobs: 2
2018/04/22-07:33:34.084569 7f3638813a00             Options.max_background_compactions: -1
2018/04/22-07:33:34.084570 7f3638813a00             Options.avoid_flush_during_shutdown: 0
2018/04/22-07:33:34.084571 7f3638813a00           Options.writable_file_max_buffer_size: 1048576
2018/04/22-07:33:34.084572 7f3638813a00             Options.delayed_write_rate : 8388608
2018/04/22-07:33:34.084573 7f3638813a00             Options.max_total_wal_size: 0
2018/04/22-07:33:34.084574 7f3638813a00             Options.delete_obsolete_files_period_micros: 21600000000
2018/04/22-07:33:34.084575 7f3638813a00                   Options.stats_dump_period_sec: 600
2018/04/22-07:33:34.084576 7f3638813a00                          Options.max_open_files: -1
2018/04/22-07:33:34.084577 7f3638813a00                          Options.bytes_per_sync: 0
2018/04/22-07:33:34.084578 7f3638813a00                      Options.wal_bytes_per_sync: 0
2018/04/22-07:33:34.084579 7f3638813a00       Options.compaction_readahead_size: 0
2018/04/22-07:33:34.084580 7f3638813a00 Compression algorithms supported:
2018/04/22-07:33:34.084581 7f3638813a00 	kZSTDNotFinalCompression supported: 1
2018/04/22-07:33:34.084582 7f3638813a00 	kZSTD supported: 0
2018/04/22-07:33:34.084583 7f3638813a00 	kXpressCompression supported: 0
2018/04/22-07:33:34.084584 7f3638813a00 	kLZ4HCCompression supported: 1
2018/04/22-07:33:34.084586 7f3638813a00 	kLZ4Compression supported: 1
2018/04/22-07:33:34.084587 7f3638813a00 	kBZip2Compression supported: 1
2018/04/22-07:33:34.084588 7f3638813a00 	kZlibCompression supported: 1
2018/04/22-07:33:34.084589 7f3638813a00 	kSnappyCompression supported: 1
2018/04/22-07:33:34.084594 7f3638813a00 Fast CRC32 supported: Supported on x86
2018/04/22-07:33:34.084615 7f3638813a00 [db/db_impl_open.cc:227] Creating manifest 1 
2018/04/22-07:33:34.096260 7f3638813a00 [db/version_set.cc:3050] Recovering from manifest file: MANIFEST-000001
2018/04/22-07:33:34.096296 7f3638813a00 [db/column_family.cc:433] --------------- Options for column family [default]:
2018/04/22-07:33:34.096298 7f3638813a00               Options.comparator: leveldb.BytewiseComparator
2018/04/22-07:33:34.096299 7f3638813a00           Options.merge_operator: None
2018/04/22-07:33:34.096300 7f3638813a00        Options.compaction_filter: None
2018/04/22-07:33:34.096301 7f3638813a00        Options.compaction_filter_factory: None
2018/04/22-07:33:34.096302 7f3638813a00         Options.memtable_factory: HashSkipListRepFactory
2018/04/22-07:33:34.096303 7f3638813a00            Options.table_factory: BlockBasedTable
2018/04/22-07:33:34.096324 7f3638813a00            table_factory options:   flush_block_policy_factory: FlushBlockBySizePolicyFactory (0x13d78d0)
  cache_index_and_filter_blocks: 0
  cache_index_and_filter_blocks_with_high_priority: 0
  pin_l0_filter_and_index_blocks_in_cache: 0
  index_type: 0
  hash_index_allow_collision: 1
  checksum: 1
  no_block_cache: 0
  block_cache: 0x13cfd10
  block_cache_name: LRUCache
  block_cache_options:
    capacity : 8388608
    num_shard_bits : 6
    strict_capacity_limit : 0
    high_pri_pool_ratio: 0.000
  block_cache_compressed: (nil)
  persistent_cache: (nil)
  block_size: 4096
  block_size_deviation: 10
  block_restart_interval: 16
  index_block_restart_interval: 1
  metadata_block_size: 4096
  partition_filters: 0
  use_delta_encoding: 1
  filter_policy: nullptr
  whole_key_filtering: 1
  verify_compression: 0
  read_amp_bytes_per_bit: 0
  format_version: 2
  enable_index_compression: 1
2018/04/22-07:33:34.096335 7f3638813a00        Options.write_buffer_size: 17179869184
2018/04/22-07:33:34.096336 7f3638813a00  Options.max_write_buffer_number: 2
2018/04/22-07:33:34.096338 7f3638813a00          Options.compression: Snappy
2018/04/22-07:33:34.096339 7f3638813a00                  Options.bottommost_compression: Disabled
2018/04/22-07:33:34.096340 7f3638813a00       Options.prefix_extractor: rocksdb.FixedPrefix.8
2018/04/22-07:33:34.096341 7f3638813a00   Options.memtable_insert_with_hint_prefix_extractor: nullptr
2018/04/22-07:33:34.096342 7f3638813a00             Options.num_levels: 7
2018/04/22-07:33:34.096343 7f3638813a00        Options.min_write_buffer_number_to_merge: 1
2018/04/22-07:33:34.096344 7f3638813a00     Options.max_write_buffer_number_to_maintain: 0
2018/04/22-07:33:34.096345 7f3638813a00            Options.compression_opts.window_bits: -14
2018/04/22-07:33:34.096346 7f3638813a00                  Options.compression_opts.level: -1
2018/04/22-07:33:34.096347 7f3638813a00               Options.compression_opts.strategy: 0
2018/04/22-07:33:34.096348 7f3638813a00         Options.compression_opts.max_dict_bytes: 0
2018/04/22-07:33:34.096349 7f3638813a00      Options.level0_file_num_compaction_trigger: 4
2018/04/22-07:33:34.096350 7f3638813a00          Options.level0_slowdown_writes_trigger: 20
2018/04/22-07:33:34.096351 7f3638813a00              Options.level0_stop_writes_trigger: 36
2018/04/22-07:33:34.096352 7f3638813a00                   Options.target_file_size_base: 67108864
2018/04/22-07:33:34.096353 7f3638813a00             Options.target_file_size_multiplier: 1
2018/04/22-07:33:34.096354 7f3638813a00                Options.max_bytes_for_level_base: 268435456
2018/04/22-07:33:34.096355 7f3638813a00 Options.level_compaction_dynamic_level_bytes: 0
2018/04/22-07:33:34.096356 7f3638813a00          Options.max_bytes_for_level_multiplier: 10.000000
2018/04/22-07:33:34.096358 7f3638813a00 Options.max_bytes_for_level_multiplier_addtl[0]: 1
2018/04/22-07:33:34.096359 7f3638813a00 Options.max_bytes_for_level_multiplier_addtl[1]: 1
2018/04/22-07:33:34.096360 7f3638813a00 Options.max_bytes_for_level_multiplier_addtl[2]: 1
2018/04/22-07:33:34.096361 7f3638813a00 Options.max_bytes_for_level_multiplier_addtl[3]: 1
2018/04/22-07:33:34.096362 7f3638813a00 Options.max_bytes_for_level_multiplier_addtl[4]: 1
2018/04/22-07:33:34.096363 7f3638813a00 Options.max_bytes_for_level_multiplier_addtl[5]: 1
2018/04/22-07:33:34.096363 7f3638813a00 Options.max_bytes_for_level_multiplier_addtl[6]: 1
2018/04/22-07:33:34.096364 7f3638813a00       Options.max_sequential_skip_in_iterations: 8
2018/04/22-07:33:34.096365 7f3638813a00                    Options.max_compaction_bytes: 1677721600
2018/04/22-07:33:34.096366 7f3638813a00                        Options.arena_block_size: 2147483648
2018/04/22-07:33:34.096367 7f3638813a00   Options.soft_pending_compaction_bytes_limit: 68719476736
2018/04/22-07:33:34.096368 7f3638813a00   Options.hard_pending_compaction_bytes_limit: 137438953472
2018/04/22-07:33:34.096369 7f3638813a00       Options.rate_limit_delay_max_milliseconds: 1000
2018/04/22-07:33:34.096370 7f3638813a00                Options.disable_auto_compactions: 0
2018/04/22-07:33:34.096372 7f3638813a00                        Options.compaction_style: kCompactionStyleLevel
2018/04/22-07:33:34.096373 7f3638813a00                          Options.compaction_pri: kByCompensatedSize
2018/04/22-07:33:34.096374 7f3638813a00 Options.compaction_options_universal.size_ratio: 1
2018/04/22-07:33:34.096375 7f3638813a00 Options.compaction_options_universal.min_merge_width: 2
2018/04/22-07:33:34.096379 7f3638813a00 Options.compaction_options_universal.max_merge_width: 4294967295
2018/04/22-07:33:34.096381 7f3638813a00 Options.compaction_options_universal.max_size_amplification_percent: 200
2018/04/22-07:33:34.096382 7f3638813a00 Options.compaction_options_universal.compression_size_percent: -1
2018/04/22-07:33:34.096383 7f3638813a00 Options.compaction_options_universal.stop_style: kCompactionStopStyleTotalSize
2018/04/22-07:33:34.096384 7f3638813a00 Options.compaction_options_fifo.max_table_files_size: 0
2018/04/22-07:33:34.096385 7f3638813a00 Options.compaction_options_fifo.allow_compaction: 1
2018/04/22-07:33:34.096386 7f3638813a00 Options.compaction_options_fifo.ttl: 0
2018/04/22-07:33:34.096387 7f3638813a00                   Options.table_properties_collectors: 
2018/04/22-07:33:34.096388 7f3638813a00                   Options.inplace_update_support: 0
2018/04/22-07:33:34.096389 7f3638813a00                 Options.inplace_update_num_locks: 10000
2018/04/22-07:33:34.096390 7f3638813a00               Options.memtable_prefix_bloom_size_ratio: 0.000000
2018/04/22-07:33:34.096392 7f3638813a00   Options.memtable_huge_page_size: 0
2018/04/22-07:33:34.096393 7f3638813a00                           Options.bloom_locality: 0
2018/04/22-07:33:34.096394 7f3638813a00                    Options.max_successive_merges: 0
2018/04/22-07:33:34.096394 7f3638813a00                Options.optimize_filters_for_hits: 0
2018/04/22-07:33:34.096395 7f3638813a00                Options.paranoid_file_checks: 0
2018/04/22-07:33:34.096396 7f3638813a00                Options.force_consistency_checks: 0
2018/04/22-07:33:34.096397 7f3638813a00                Options.report_bg_io_stats: 0
2018/04/22-07:33:34.098507 7f3638813a00 [db/version_set.cc:3316] Recovered from manifest file:/mnt/ssd/rocksdb/MANIFEST-000001 succeeded,manifest_file_number is 1, next_file_number is 3, last_sequence is 0, log_number is 0,prev_log_number is 0,max_column_family is 0
2018/04/22-07:33:34.098512 7f3638813a00 [db/version_set.cc:3324] Column family [default] (ID 0), log number is 0
2018/04/22-07:33:34.103517 7f3638813a00 [db/db_impl_open.cc:1188] DB pointer 0x13d6770
2018/04/22-07:35:03.987748 7f3638813a00 [db/db_impl.cc:252] Shutdown: canceling all background work
2018/04/22-07:35:03.994613 7f3638813a00 [db/db_impl.cc:395] Shutdown complete
