2018/04/22-06:43:28.830099 7ff1ac393a00 RocksDB version: 5.13.0
2018/04/22-06:43:28.830114 7ff1ac393a00 Git sha rocksdb_build_git_sha:9d2e34ed4c3b78d5a0c96bfa8aa8e833387b828a
2018/04/22-06:43:28.830116 7ff1ac393a00 Compile date Apr 22 2018
2018/04/22-06:43:28.830117 7ff1ac393a00 DB SUMMARY
2018/04/22-06:43:28.830126 7ff1ac393a00 SST files in /mnt/ssd/rocksdb dir, Total Num: 0, files: 
2018/04/22-06:43:28.830127 7ff1ac393a00 Write Ahead Log file in /mnt/ssd/rocksdb: 
2018/04/22-06:43:28.830129 7ff1ac393a00                         Options.error_if_exists: 0
2018/04/22-06:43:28.830130 7ff1ac393a00                       Options.create_if_missing: 1
2018/04/22-06:43:28.830131 7ff1ac393a00                         Options.paranoid_checks: 1
2018/04/22-06:43:28.830132 7ff1ac393a00                                     Options.env: 0xadd940
2018/04/22-06:43:28.830133 7ff1ac393a00                                Options.info_log: 0x229a090
2018/04/22-06:43:28.830134 7ff1ac393a00                Options.max_file_opening_threads: 16
2018/04/22-06:43:28.830135 7ff1ac393a00                              Options.statistics: 0x228fb00
2018/04/22-06:43:28.830136 7ff1ac393a00                               Options.use_fsync: 0
2018/04/22-06:43:28.830137 7ff1ac393a00                       Options.max_log_file_size: 0
2018/04/22-06:43:28.830138 7ff1ac393a00                  Options.max_manifest_file_size: 18446744073709551615
2018/04/22-06:43:28.830139 7ff1ac393a00                   Options.log_file_time_to_roll: 0
2018/04/22-06:43:28.830140 7ff1ac393a00                       Options.keep_log_file_num: 1000
2018/04/22-06:43:28.830141 7ff1ac393a00                    Options.recycle_log_file_num: 0
2018/04/22-06:43:28.830142 7ff1ac393a00                         Options.allow_fallocate: 1
2018/04/22-06:43:28.830143 7ff1ac393a00                        Options.allow_mmap_reads: 0
2018/04/22-06:43:28.830144 7ff1ac393a00                       Options.allow_mmap_writes: 0
2018/04/22-06:43:28.830145 7ff1ac393a00                        Options.use_direct_reads: 0
2018/04/22-06:43:28.830146 7ff1ac393a00                        Options.use_direct_io_for_flush_and_compaction: 0
2018/04/22-06:43:28.830147 7ff1ac393a00          Options.create_missing_column_families: 0
2018/04/22-06:43:28.830148 7ff1ac393a00                              Options.db_log_dir: 
2018/04/22-06:43:28.830148 7ff1ac393a00                                 Options.wal_dir: /mnt/ssd/rocksdb
2018/04/22-06:43:28.830149 7ff1ac393a00                Options.table_cache_numshardbits: 4
2018/04/22-06:43:28.830150 7ff1ac393a00                      Options.max_subcompactions: 1
2018/04/22-06:43:28.830151 7ff1ac393a00                  Options.max_background_flushes: -1
2018/04/22-06:43:28.830152 7ff1ac393a00                         Options.WAL_ttl_seconds: 0
2018/04/22-06:43:28.830153 7ff1ac393a00                       Options.WAL_size_limit_MB: 0
2018/04/22-06:43:28.830154 7ff1ac393a00             Options.manifest_preallocation_size: 4194304
2018/04/22-06:43:28.830155 7ff1ac393a00                     Options.is_fd_close_on_exec: 1
2018/04/22-06:43:28.830156 7ff1ac393a00                   Options.advise_random_on_open: 1
2018/04/22-06:43:28.830157 7ff1ac393a00                    Options.db_write_buffer_size: 0
2018/04/22-06:43:28.830158 7ff1ac393a00                    Options.write_buffer_manager: 0x22a04b0
2018/04/22-06:43:28.830159 7ff1ac393a00         Options.access_hint_on_compaction_start: 1
2018/04/22-06:43:28.830160 7ff1ac393a00  Options.new_table_reader_for_compaction_inputs: 1
2018/04/22-06:43:28.830161 7ff1ac393a00           Options.random_access_max_buffer_size: 1048576
2018/04/22-06:43:28.830162 7ff1ac393a00                      Options.use_adaptive_mutex: 0
2018/04/22-06:43:28.830162 7ff1ac393a00                            Options.rate_limiter: (nil)
2018/04/22-06:43:28.830163 7ff1ac393a00     Options.sst_file_manager.rate_bytes_per_sec: 0
2018/04/22-06:43:28.830164 7ff1ac393a00                       Options.wal_recovery_mode: 2
2018/04/22-06:43:28.830165 7ff1ac393a00                  Options.enable_thread_tracking: 0
2018/04/22-06:43:28.830166 7ff1ac393a00                  Options.enable_pipelined_write: 1
2018/04/22-06:43:28.830172 7ff1ac393a00         Options.allow_concurrent_memtable_write: 1
2018/04/22-06:43:28.830173 7ff1ac393a00      Options.enable_write_thread_adaptive_yield: 1
2018/04/22-06:43:28.830174 7ff1ac393a00             Options.write_thread_max_yield_usec: 100
2018/04/22-06:43:28.830175 7ff1ac393a00            Options.write_thread_slow_yield_usec: 3
2018/04/22-06:43:28.830176 7ff1ac393a00                               Options.row_cache: None
2018/04/22-06:43:28.830177 7ff1ac393a00                              Options.wal_filter: None
2018/04/22-06:43:28.830177 7ff1ac393a00             Options.avoid_flush_during_recovery: 0
2018/04/22-06:43:28.830178 7ff1ac393a00             Options.allow_ingest_behind: 0
2018/04/22-06:43:28.830179 7ff1ac393a00             Options.preserve_deletes: 0
2018/04/22-06:43:28.830180 7ff1ac393a00             Options.two_write_queues: 0
2018/04/22-06:43:28.830181 7ff1ac393a00             Options.manual_wal_flush: 0
2018/04/22-06:43:28.830182 7ff1ac393a00             Options.max_background_jobs: 2
2018/04/22-06:43:28.830183 7ff1ac393a00             Options.max_background_compactions: -1
2018/04/22-06:43:28.830184 7ff1ac393a00             Options.avoid_flush_during_shutdown: 0
2018/04/22-06:43:28.830185 7ff1ac393a00           Options.writable_file_max_buffer_size: 1048576
2018/04/22-06:43:28.830186 7ff1ac393a00             Options.delayed_write_rate : 8388608
2018/04/22-06:43:28.830187 7ff1ac393a00             Options.max_total_wal_size: 0
2018/04/22-06:43:28.830188 7ff1ac393a00             Options.delete_obsolete_files_period_micros: 21600000000
2018/04/22-06:43:28.830189 7ff1ac393a00                   Options.stats_dump_period_sec: 600
2018/04/22-06:43:28.830190 7ff1ac393a00                          Options.max_open_files: -1
2018/04/22-06:43:28.830191 7ff1ac393a00                          Options.bytes_per_sync: 0
2018/04/22-06:43:28.830192 7ff1ac393a00                      Options.wal_bytes_per_sync: 0
2018/04/22-06:43:28.830193 7ff1ac393a00       Options.compaction_readahead_size: 0
2018/04/22-06:43:28.830193 7ff1ac393a00 Compression algorithms supported:
2018/04/22-06:43:28.830194 7ff1ac393a00 	kZSTDNotFinalCompression supported: 1
2018/04/22-06:43:28.830196 7ff1ac393a00 	kZSTD supported: 0
2018/04/22-06:43:28.830197 7ff1ac393a00 	kXpressCompression supported: 0
2018/04/22-06:43:28.830198 7ff1ac393a00 	kLZ4HCCompression supported: 1
2018/04/22-06:43:28.830199 7ff1ac393a00 	kLZ4Compression supported: 1
2018/04/22-06:43:28.830200 7ff1ac393a00 	kBZip2Compression supported: 1
2018/04/22-06:43:28.830201 7ff1ac393a00 	kZlibCompression supported: 1
2018/04/22-06:43:28.830202 7ff1ac393a00 	kSnappyCompression supported: 1
2018/04/22-06:43:28.830208 7ff1ac393a00 Fast CRC32 supported: Supported on x86
2018/04/22-06:43:28.830228 7ff1ac393a00 [db/db_impl_open.cc:227] Creating manifest 1 
2018/04/22-06:43:28.839900 7ff1ac393a00 [db/version_set.cc:3050] Recovering from manifest file: MANIFEST-000001
2018/04/22-06:43:28.839937 7ff1ac393a00 [db/column_family.cc:433] --------------- Options for column family [default]:
2018/04/22-06:43:28.839939 7ff1ac393a00               Options.comparator: leveldb.BytewiseComparator
2018/04/22-06:43:28.839940 7ff1ac393a00           Options.merge_operator: None
2018/04/22-06:43:28.839941 7ff1ac393a00        Options.compaction_filter: None
2018/04/22-06:43:28.839942 7ff1ac393a00        Options.compaction_filter_factory: None
2018/04/22-06:43:28.839943 7ff1ac393a00         Options.memtable_factory: SkipListFactory
2018/04/22-06:43:28.839944 7ff1ac393a00            Options.table_factory: BlockBasedTable
2018/04/22-06:43:28.839964 7ff1ac393a00            table_factory options:   flush_block_policy_factory: FlushBlockBySizePolicyFactory (0x2299e40)
  cache_index_and_filter_blocks: 0
  cache_index_and_filter_blocks_with_high_priority: 0
  pin_l0_filter_and_index_blocks_in_cache: 0
  index_type: 0
  hash_index_allow_collision: 1
  checksum: 1
  no_block_cache: 0
  block_cache: 0x228ffb0
  block_cache_name: LRUCache
  block_cache_options:
    capacity : 8388608
    num_shard_bits : 6
    strict_capacity_limit : 0
    high_pri_pool_ratio: 0.000
  block_cache_compressed: (nil)
  persistent_cache: (nil)
  block_size: 4096
  block_size_deviation: 10
  block_restart_interval: 16
  index_block_restart_interval: 1
  metadata_block_size: 4096
  partition_filters: 0
  use_delta_encoding: 1
  filter_policy: nullptr
  whole_key_filtering: 1
  verify_compression: 0
  read_amp_bytes_per_bit: 0
  format_version: 2
  enable_index_compression: 1
2018/04/22-06:43:28.839975 7ff1ac393a00        Options.write_buffer_size: 17179869184
2018/04/22-06:43:28.839976 7ff1ac393a00  Options.max_write_buffer_number: 2
2018/04/22-06:43:28.839977 7ff1ac393a00          Options.compression: Snappy
2018/04/22-06:43:28.839978 7ff1ac393a00                  Options.bottommost_compression: Disabled
2018/04/22-06:43:28.839979 7ff1ac393a00       Options.prefix_extractor: rocksdb.FixedPrefix.8
2018/04/22-06:43:28.839980 7ff1ac393a00   Options.memtable_insert_with_hint_prefix_extractor: nullptr
2018/04/22-06:43:28.839981 7ff1ac393a00             Options.num_levels: 7
2018/04/22-06:43:28.839982 7ff1ac393a00        Options.min_write_buffer_number_to_merge: 1
2018/04/22-06:43:28.839983 7ff1ac393a00     Options.max_write_buffer_number_to_maintain: 0
2018/04/22-06:43:28.839984 7ff1ac393a00            Options.compression_opts.window_bits: -14
2018/04/22-06:43:28.839985 7ff1ac393a00                  Options.compression_opts.level: -1
2018/04/22-06:43:28.839986 7ff1ac393a00               Options.compression_opts.strategy: 0
2018/04/22-06:43:28.839987 7ff1ac393a00         Options.compression_opts.max_dict_bytes: 0
2018/04/22-06:43:28.839988 7ff1ac393a00      Options.level0_file_num_compaction_trigger: 4
2018/04/22-06:43:28.839989 7ff1ac393a00          Options.level0_slowdown_writes_trigger: 20
2018/04/22-06:43:28.839990 7ff1ac393a00              Options.level0_stop_writes_trigger: 36
2018/04/22-06:43:28.839991 7ff1ac393a00                   Options.target_file_size_base: 67108864
2018/04/22-06:43:28.839992 7ff1ac393a00             Options.target_file_size_multiplier: 1
2018/04/22-06:43:28.839993 7ff1ac393a00                Options.max_bytes_for_level_base: 268435456
2018/04/22-06:43:28.839994 7ff1ac393a00 Options.level_compaction_dynamic_level_bytes: 0
2018/04/22-06:43:28.839995 7ff1ac393a00          Options.max_bytes_for_level_multiplier: 10.000000
2018/04/22-06:43:28.839997 7ff1ac393a00 Options.max_bytes_for_level_multiplier_addtl[0]: 1
2018/04/22-06:43:28.839998 7ff1ac393a00 Options.max_bytes_for_level_multiplier_addtl[1]: 1
2018/04/22-06:43:28.839999 7ff1ac393a00 Options.max_bytes_for_level_multiplier_addtl[2]: 1
2018/04/22-06:43:28.840000 7ff1ac393a00 Options.max_bytes_for_level_multiplier_addtl[3]: 1
2018/04/22-06:43:28.840001 7ff1ac393a00 Options.max_bytes_for_level_multiplier_addtl[4]: 1
2018/04/22-06:43:28.840002 7ff1ac393a00 Options.max_bytes_for_level_multiplier_addtl[5]: 1
2018/04/22-06:43:28.840003 7ff1ac393a00 Options.max_bytes_for_level_multiplier_addtl[6]: 1
2018/04/22-06:43:28.840003 7ff1ac393a00       Options.max_sequential_skip_in_iterations: 8
2018/04/22-06:43:28.840004 7ff1ac393a00                    Options.max_compaction_bytes: 1677721600
2018/04/22-06:43:28.840005 7ff1ac393a00                        Options.arena_block_size: 2147483648
2018/04/22-06:43:28.840006 7ff1ac393a00   Options.soft_pending_compaction_bytes_limit: 68719476736
2018/04/22-06:43:28.840007 7ff1ac393a00   Options.hard_pending_compaction_bytes_limit: 137438953472
2018/04/22-06:43:28.840008 7ff1ac393a00       Options.rate_limit_delay_max_milliseconds: 1000
2018/04/22-06:43:28.840009 7ff1ac393a00                Options.disable_auto_compactions: 0
2018/04/22-06:43:28.840011 7ff1ac393a00                        Options.compaction_style: kCompactionStyleLevel
2018/04/22-06:43:28.840012 7ff1ac393a00                          Options.compaction_pri: kByCompensatedSize
2018/04/22-06:43:28.840013 7ff1ac393a00 Options.compaction_options_universal.size_ratio: 1
2018/04/22-06:43:28.840014 7ff1ac393a00 Options.compaction_options_universal.min_merge_width: 2
2018/04/22-06:43:28.840019 7ff1ac393a00 Options.compaction_options_universal.max_merge_width: 4294967295
2018/04/22-06:43:28.840020 7ff1ac393a00 Options.compaction_options_universal.max_size_amplification_percent: 200
2018/04/22-06:43:28.840021 7ff1ac393a00 Options.compaction_options_universal.compression_size_percent: -1
2018/04/22-06:43:28.840022 7ff1ac393a00 Options.compaction_options_universal.stop_style: kCompactionStopStyleTotalSize
2018/04/22-06:43:28.840023 7ff1ac393a00 Options.compaction_options_fifo.max_table_files_size: 0
2018/04/22-06:43:28.840024 7ff1ac393a00 Options.compaction_options_fifo.allow_compaction: 1
2018/04/22-06:43:28.840025 7ff1ac393a00 Options.compaction_options_fifo.ttl: 0
2018/04/22-06:43:28.840026 7ff1ac393a00                   Options.table_properties_collectors: 
2018/04/22-06:43:28.840027 7ff1ac393a00                   Options.inplace_update_support: 0
2018/04/22-06:43:28.840028 7ff1ac393a00                 Options.inplace_update_num_locks: 10000
2018/04/22-06:43:28.840029 7ff1ac393a00               Options.memtable_prefix_bloom_size_ratio: 0.000000
2018/04/22-06:43:28.840031 7ff1ac393a00   Options.memtable_huge_page_size: 0
2018/04/22-06:43:28.840032 7ff1ac393a00                           Options.bloom_locality: 0
2018/04/22-06:43:28.840033 7ff1ac393a00                    Options.max_successive_merges: 0
2018/04/22-06:43:28.840034 7ff1ac393a00                Options.optimize_filters_for_hits: 0
2018/04/22-06:43:28.840035 7ff1ac393a00                Options.paranoid_file_checks: 0
2018/04/22-06:43:28.840035 7ff1ac393a00                Options.force_consistency_checks: 0
2018/04/22-06:43:28.840036 7ff1ac393a00                Options.report_bg_io_stats: 0
2018/04/22-06:43:28.841367 7ff1ac393a00 [db/version_set.cc:3316] Recovered from manifest file:/mnt/ssd/rocksdb/MANIFEST-000001 succeeded,manifest_file_number is 1, next_file_number is 3, last_sequence is 0, log_number is 0,prev_log_number is 0,max_column_family is 0
2018/04/22-06:43:28.841371 7ff1ac393a00 [db/version_set.cc:3324] Column family [default] (ID 0), log number is 0
2018/04/22-06:43:28.847933 7ff1ac393a00 [db/db_impl_open.cc:1188] DB pointer 0x22966f0
2018/04/22-06:44:20.732609 7ff1ac393a00 [db/db_impl.cc:252] Shutdown: canceling all background work
2018/04/22-06:44:20.735191 7ff1ac393a00 [db/db_impl.cc:395] Shutdown complete
