2018/04/18-04:48:24.233752 7f773c029a00 RocksDB version: 5.10.5
2018/04/18-04:48:24.233787 7f773c029a00 Git sha rocksdb_build_git_sha:808e429bd6d628d2bff94f064229bf6f4cabd732
2018/04/18-04:48:24.233789 7f773c029a00 Compile date Apr 18 2018
2018/04/18-04:48:24.233791 7f773c029a00 DB SUMMARY
2018/04/18-04:48:24.233801 7f773c029a00 SST files in /mnt/ssd/rocksdb dir, Total Num: 0, files: 
2018/04/18-04:48:24.233803 7f773c029a00 Write Ahead Log file in /mnt/ssd/rocksdb: 
2018/04/18-04:48:24.233804 7f773c029a00                         Options.error_if_exists: 0
2018/04/18-04:48:24.233806 7f773c029a00                       Options.create_if_missing: 1
2018/04/18-04:48:24.233807 7f773c029a00                         Options.paranoid_checks: 1
2018/04/18-04:48:24.233808 7f773c029a00                                     Options.env: 0xac88c0
2018/04/18-04:48:24.233809 7f773c029a00                                Options.info_log: 0x11828a0
2018/04/18-04:48:24.233810 7f773c029a00                Options.max_file_opening_threads: 16
2018/04/18-04:48:24.233811 7f773c029a00                              Options.statistics: 0x1178530
2018/04/18-04:48:24.233812 7f773c029a00                               Options.use_fsync: 0
2018/04/18-04:48:24.233813 7f773c029a00                       Options.max_log_file_size: 0
2018/04/18-04:48:24.233814 7f773c029a00                  Options.max_manifest_file_size: 18446744073709551615
2018/04/18-04:48:24.233816 7f773c029a00                   Options.log_file_time_to_roll: 0
2018/04/18-04:48:24.233817 7f773c029a00                       Options.keep_log_file_num: 1000
2018/04/18-04:48:24.233818 7f773c029a00                    Options.recycle_log_file_num: 0
2018/04/18-04:48:24.233819 7f773c029a00                         Options.allow_fallocate: 1
2018/04/18-04:48:24.233820 7f773c029a00                        Options.allow_mmap_reads: 0
2018/04/18-04:48:24.233820 7f773c029a00                       Options.allow_mmap_writes: 0
2018/04/18-04:48:24.233821 7f773c029a00                        Options.use_direct_reads: 0
2018/04/18-04:48:24.233822 7f773c029a00                        Options.use_direct_io_for_flush_and_compaction: 0
2018/04/18-04:48:24.233823 7f773c029a00          Options.create_missing_column_families: 0
2018/04/18-04:48:24.233824 7f773c029a00                              Options.db_log_dir: 
2018/04/18-04:48:24.233825 7f773c029a00                                 Options.wal_dir: /mnt/ssd/rocksdb
2018/04/18-04:48:24.233826 7f773c029a00                Options.table_cache_numshardbits: 4
2018/04/18-04:48:24.233827 7f773c029a00                      Options.max_subcompactions: 1
2018/04/18-04:48:24.233828 7f773c029a00                  Options.max_background_flushes: -1
2018/04/18-04:48:24.233829 7f773c029a00                         Options.WAL_ttl_seconds: 0
2018/04/18-04:48:24.233830 7f773c029a00                       Options.WAL_size_limit_MB: 0
2018/04/18-04:48:24.233831 7f773c029a00             Options.manifest_preallocation_size: 4194304
2018/04/18-04:48:24.233832 7f773c029a00                     Options.is_fd_close_on_exec: 1
2018/04/18-04:48:24.233833 7f773c029a00                   Options.advise_random_on_open: 1
2018/04/18-04:48:24.233834 7f773c029a00                    Options.db_write_buffer_size: 0
2018/04/18-04:48:24.233835 7f773c029a00                    Options.write_buffer_manager: 0x117ee60
2018/04/18-04:48:24.233836 7f773c029a00         Options.access_hint_on_compaction_start: 1
2018/04/18-04:48:24.233837 7f773c029a00  Options.new_table_reader_for_compaction_inputs: 1
2018/04/18-04:48:24.233838 7f773c029a00           Options.random_access_max_buffer_size: 1048576
2018/04/18-04:48:24.233839 7f773c029a00                      Options.use_adaptive_mutex: 0
2018/04/18-04:48:24.233839 7f773c029a00                            Options.rate_limiter: (nil)
2018/04/18-04:48:24.233841 7f773c029a00     Options.sst_file_manager.rate_bytes_per_sec: 0
2018/04/18-04:48:24.233842 7f773c029a00                       Options.wal_recovery_mode: 2
2018/04/18-04:48:24.233843 7f773c029a00                  Options.enable_thread_tracking: 0
2018/04/18-04:48:24.233844 7f773c029a00                  Options.enable_pipelined_write: 1
2018/04/18-04:48:24.233850 7f773c029a00         Options.allow_concurrent_memtable_write: 0
2018/04/18-04:48:24.233851 7f773c029a00      Options.enable_write_thread_adaptive_yield: 1
2018/04/18-04:48:24.233851 7f773c029a00             Options.write_thread_max_yield_usec: 100
2018/04/18-04:48:24.233853 7f773c029a00            Options.write_thread_slow_yield_usec: 3
2018/04/18-04:48:24.233853 7f773c029a00                               Options.row_cache: None
2018/04/18-04:48:24.233854 7f773c029a00                              Options.wal_filter: None
2018/04/18-04:48:24.233856 7f773c029a00             Options.avoid_flush_during_recovery: 0
2018/04/18-04:48:24.233856 7f773c029a00             Options.allow_ingest_behind: 0
2018/04/18-04:48:24.233857 7f773c029a00             Options.preserve_deletes: 0
2018/04/18-04:48:24.233858 7f773c029a00             Options.two_write_queues: 0
2018/04/18-04:48:24.233859 7f773c029a00             Options.manual_wal_flush: 0
2018/04/18-04:48:24.233860 7f773c029a00             Options.max_background_jobs: 2
2018/04/18-04:48:24.233861 7f773c029a00             Options.max_background_compactions: -1
2018/04/18-04:48:24.233862 7f773c029a00             Options.avoid_flush_during_shutdown: 0
2018/04/18-04:48:24.233863 7f773c029a00           Options.writable_file_max_buffer_size: 1048576
2018/04/18-04:48:24.233864 7f773c029a00             Options.delayed_write_rate : 8388608
2018/04/18-04:48:24.233865 7f773c029a00             Options.max_total_wal_size: 0
2018/04/18-04:48:24.233866 7f773c029a00             Options.delete_obsolete_files_period_micros: 21600000000
2018/04/18-04:48:24.233867 7f773c029a00                   Options.stats_dump_period_sec: 600
2018/04/18-04:48:24.233868 7f773c029a00                          Options.max_open_files: -1
2018/04/18-04:48:24.233869 7f773c029a00                          Options.bytes_per_sync: 0
2018/04/18-04:48:24.233870 7f773c029a00                      Options.wal_bytes_per_sync: 0
2018/04/18-04:48:24.233871 7f773c029a00       Options.compaction_readahead_size: 0
2018/04/18-04:48:24.233872 7f773c029a00 Compression algorithms supported:
2018/04/18-04:48:24.233873 7f773c029a00 	Snappy supported: 1
2018/04/18-04:48:24.233874 7f773c029a00 	Zlib supported: 1
2018/04/18-04:48:24.233875 7f773c029a00 	Bzip supported: 1
2018/04/18-04:48:24.233876 7f773c029a00 	LZ4 supported: 1
2018/04/18-04:48:24.233877 7f773c029a00 	ZSTDNotFinal supported: 1
2018/04/18-04:48:24.233878 7f773c029a00 	ZSTD supported: 0
2018/04/18-04:48:24.233884 7f773c029a00 Fast CRC32 supported: Supported on x86
2018/04/18-04:48:24.233909 7f773c029a00 [db/db_impl_open.cc:227] Creating manifest 1 
2018/04/18-04:48:24.259116 7f773c029a00 [db/version_set.cc:2834] Recovering from manifest file: MANIFEST-000001
2018/04/18-04:48:24.259160 7f773c029a00 [db/column_family.cc:431] --------------- Options for column family [default]:
2018/04/18-04:48:24.259162 7f773c029a00               Options.comparator: leveldb.BytewiseComparator
2018/04/18-04:48:24.259164 7f773c029a00           Options.merge_operator: None
2018/04/18-04:48:24.259165 7f773c029a00        Options.compaction_filter: None
2018/04/18-04:48:24.259166 7f773c029a00        Options.compaction_filter_factory: None
2018/04/18-04:48:24.259167 7f773c029a00         Options.memtable_factory: HashCuckooRepFactory
2018/04/18-04:48:24.259169 7f773c029a00            Options.table_factory: BlockBasedTable
2018/04/18-04:48:24.259190 7f773c029a00            table_factory options:   flush_block_policy_factory: FlushBlockBySizePolicyFactory (0x1182a60)
  cache_index_and_filter_blocks: 0
  cache_index_and_filter_blocks_with_high_priority: 0
  pin_l0_filter_and_index_blocks_in_cache: 0
  index_type: 0
  hash_index_allow_collision: 1
  checksum: 1
  no_block_cache: 0
  block_cache: 0x11785a0
  block_cache_name: LRUCache
  block_cache_options:
    capacity : 8388608
    num_shard_bits : 6
    strict_capacity_limit : 0
    high_pri_pool_ratio: 0.000
  block_cache_compressed: (nil)
  persistent_cache: (nil)
  block_size: 4096
  block_size_deviation: 10
  block_restart_interval: 16
  index_block_restart_interval: 1
  metadata_block_size: 4096
  partition_filters: 0
  use_delta_encoding: 1
  filter_policy: nullptr
  whole_key_filtering: 1
  verify_compression: 0
  read_amp_bytes_per_bit: 0
  format_version: 2
2018/04/18-04:48:24.259203 7f773c029a00        Options.write_buffer_size: 17179869184
2018/04/18-04:48:24.259204 7f773c029a00  Options.max_write_buffer_number: 2
2018/04/18-04:48:24.259206 7f773c029a00          Options.compression: Snappy
2018/04/18-04:48:24.259207 7f773c029a00                  Options.bottommost_compression: Disabled
2018/04/18-04:48:24.259208 7f773c029a00       Options.prefix_extractor: rocksdb.FixedPrefix.8
2018/04/18-04:48:24.259209 7f773c029a00   Options.memtable_insert_with_hint_prefix_extractor: nullptr
2018/04/18-04:48:24.259211 7f773c029a00             Options.num_levels: 7
2018/04/18-04:48:24.259212 7f773c029a00        Options.min_write_buffer_number_to_merge: 1
2018/04/18-04:48:24.259213 7f773c029a00     Options.max_write_buffer_number_to_maintain: 0
2018/04/18-04:48:24.259214 7f773c029a00            Options.compression_opts.window_bits: -14
2018/04/18-04:48:24.259215 7f773c029a00                  Options.compression_opts.level: -1
2018/04/18-04:48:24.259216 7f773c029a00               Options.compression_opts.strategy: 0
2018/04/18-04:48:24.259216 7f773c029a00         Options.compression_opts.max_dict_bytes: 0
2018/04/18-04:48:24.259218 7f773c029a00      Options.level0_file_num_compaction_trigger: 4
2018/04/18-04:48:24.259218 7f773c029a00          Options.level0_slowdown_writes_trigger: 20
2018/04/18-04:48:24.259219 7f773c029a00              Options.level0_stop_writes_trigger: 36
2018/04/18-04:48:24.259220 7f773c029a00                   Options.target_file_size_base: 67108864
2018/04/18-04:48:24.259221 7f773c029a00             Options.target_file_size_multiplier: 1
2018/04/18-04:48:24.259222 7f773c029a00                Options.max_bytes_for_level_base: 268435456
2018/04/18-04:48:24.259223 7f773c029a00 Options.level_compaction_dynamic_level_bytes: 0
2018/04/18-04:48:24.259224 7f773c029a00          Options.max_bytes_for_level_multiplier: 10.000000
2018/04/18-04:48:24.259227 7f773c029a00 Options.max_bytes_for_level_multiplier_addtl[0]: 1
2018/04/18-04:48:24.259228 7f773c029a00 Options.max_bytes_for_level_multiplier_addtl[1]: 1
2018/04/18-04:48:24.259229 7f773c029a00 Options.max_bytes_for_level_multiplier_addtl[2]: 1
2018/04/18-04:48:24.259230 7f773c029a00 Options.max_bytes_for_level_multiplier_addtl[3]: 1
2018/04/18-04:48:24.259231 7f773c029a00 Options.max_bytes_for_level_multiplier_addtl[4]: 1
2018/04/18-04:48:24.259232 7f773c029a00 Options.max_bytes_for_level_multiplier_addtl[5]: 1
2018/04/18-04:48:24.259233 7f773c029a00 Options.max_bytes_for_level_multiplier_addtl[6]: 1
2018/04/18-04:48:24.259234 7f773c029a00       Options.max_sequential_skip_in_iterations: 8
2018/04/18-04:48:24.259235 7f773c029a00                    Options.max_compaction_bytes: 1677721600
2018/04/18-04:48:24.259236 7f773c029a00                        Options.arena_block_size: 2147483648
2018/04/18-04:48:24.259237 7f773c029a00   Options.soft_pending_compaction_bytes_limit: 68719476736
2018/04/18-04:48:24.259238 7f773c029a00   Options.hard_pending_compaction_bytes_limit: 137438953472
2018/04/18-04:48:24.259239 7f773c029a00       Options.rate_limit_delay_max_milliseconds: 1000
2018/04/18-04:48:24.259240 7f773c029a00                Options.disable_auto_compactions: 0
2018/04/18-04:48:24.259242 7f773c029a00                        Options.compaction_style: kCompactionStyleLevel
2018/04/18-04:48:24.259243 7f773c029a00                          Options.compaction_pri: kByCompensatedSize
2018/04/18-04:48:24.259244 7f773c029a00 Options.compaction_options_universal.size_ratio: 1
2018/04/18-04:48:24.259245 7f773c029a00 Options.compaction_options_universal.min_merge_width: 2
2018/04/18-04:48:24.259246 7f773c029a00 Options.compaction_options_universal.max_merge_width: 4294967295
2018/04/18-04:48:24.259247 7f773c029a00 Options.compaction_options_universal.max_size_amplification_percent: 200
2018/04/18-04:48:24.259252 7f773c029a00 Options.compaction_options_universal.compression_size_percent: -1
2018/04/18-04:48:24.259254 7f773c029a00 Options.compaction_options_universal.stop_style: kCompactionStopStyleTotalSize
2018/04/18-04:48:24.259255 7f773c029a00 Options.compaction_options_fifo.max_table_files_size: 0
2018/04/18-04:48:24.259256 7f773c029a00 Options.compaction_options_fifo.allow_compaction: 1
2018/04/18-04:48:24.259257 7f773c029a00 Options.compaction_options_fifo.ttl: 0
2018/04/18-04:48:24.259258 7f773c029a00                   Options.table_properties_collectors: 
2018/04/18-04:48:24.259259 7f773c029a00                   Options.inplace_update_support: 0
2018/04/18-04:48:24.259260 7f773c029a00                 Options.inplace_update_num_locks: 10000
2018/04/18-04:48:24.259261 7f773c029a00               Options.memtable_prefix_bloom_size_ratio: 0.000000
2018/04/18-04:48:24.259262 7f773c029a00   Options.memtable_huge_page_size: 0
2018/04/18-04:48:24.259263 7f773c029a00                           Options.bloom_locality: 0
2018/04/18-04:48:24.259264 7f773c029a00                    Options.max_successive_merges: 0
2018/04/18-04:48:24.259265 7f773c029a00                Options.optimize_filters_for_hits: 0
2018/04/18-04:48:24.259266 7f773c029a00                Options.paranoid_file_checks: 0
2018/04/18-04:48:24.259267 7f773c029a00                Options.force_consistency_checks: 0
2018/04/18-04:48:24.259268 7f773c029a00                Options.report_bg_io_stats: 0
2018/04/18-04:48:24.721231 7f773c029a00 [db/version_set.cc:3100] Recovered from manifest file:/mnt/ssd/rocksdb/MANIFEST-000001 succeeded,manifest_file_number is 1, next_file_number is 3, last_sequence is 0, log_number is 0,prev_log_number is 0,max_column_family is 0
2018/04/18-04:48:24.721242 7f773c029a00 [db/version_set.cc:3108] Column family [default] (ID 0), log number is 0
2018/04/18-04:48:24.726333 7f773c029a00 [db/db_impl_open.cc:1165] DB pointer 0x117ef00
2018/04/18-04:48:44.716243 7f773c029a00 [db/db_impl.cc:249] Shutdown: canceling all background work
2018/04/18-04:48:44.721911 7f773c029a00 [db/db_impl.cc:379] Shutdown complete
